0	0.010000	0.720000	0.420000	154.520000	1.000000	4.626167	47.221086
1	0.020000	0.660000	0.900000	137.610000	1.000000	4.643016	47.219807
2	0.020000	0.610000	0.980000	125.890000	1.000000	4.667760	47.424812
3	0.020000	0.690000	1.180000	147.040000	1.000000	4.651194	47.111114
4	0.030000	0.620000	1.730000	125.820000	1.000000	4.600796	47.349546
5	0.040000	0.620000	2.590000	125.830000	1.000000	4.543275	47.378416
6	0.040000	0.690000	3.010000	141.170000	1.000000	4.636689	47.388329
7	0.040000	0.580000	3.290000	119.990000	1.000000	4.562998	47.129595
8	0.040000	0.620000	3.550000	129.270000	1.000000	4.609805	47.218932
9	0.040000	0.610000	3.980000	127.460000	1.000000	4.678226	47.461481
10	0.060000	0.610000	5.160000	118.280000	1.000000	4.672290	47.047619
11	0.060000	0.690000	5.870000	144.060000	1.000000	4.655554	47.530073
12	0.060000	0.630000	6.410000	129.120000	1.000000	4.610902	47.328967
13	0.060000	0.670000	6.730000	133.160000	1.000000	4.655843	46.730105
14	0.060000	0.590000	7.170000	117.340000	1.000000	4.686144	47.121202
15	0.060000	0.700000	7.600000	140.320000	1.000000	4.730502	47.427782
16	0.070000	0.590000	8.500000	113.000000	1.000000	4.711501	47.857811
17	0.080000	0.670000	9.260000	131.300000	1.000000	4.762486	47.380568
18	0.090000	0.630000	10.280000	122.500000	1.000000	4.738008	47.451249
19	0.100000	0.610000	11.360000	116.800000	1.000000	4.720363	47.439338
20	0.110000	0.600000	12.550000	119.260000	1.000000	4.681695	47.066959
21	0.110000	0.580000	13.170000	108.670000	1.000000	4.858826	47.234430
22	0.130000	0.630000	14.550000	115.790000	1.000000	4.873221	47.419561
23	0.130000	0.670000	14.050000	131.250000	1.000000	4.920493	47.276855
24	0.140000	0.650000	15.040000	123.490000	1.000000	4.955623	47.657728
25	0.150000	0.460000	16.650000	80.030000	1.000000	5.059993	47.504326
26	0.170000	0.530000	18.770000	86.940000	1.000000	5.099813	47.682075
27	0.180000	0.490000	20.310000	80.670000	1.000000	5.010704	47.705099
28	0.180000	0.500000	21.410000	83.960000	1.000000	4.960331	47.425947
29	0.180000	0.590000	22.690000	101.030000	1.000000	5.006708	47.457211
30	0.180000	0.590000	23.790000	98.750000	1.000000	5.151140	47.548181
31	0.180000	0.610000	24.590000	104.350000	1.000000	5.158801	47.798994
32	0.180000	0.560000	24.640000	93.040000	1.000000	5.160807	47.404305
33	0.190000	0.580000	25.930000	98.060000	1.000000	5.270024	47.585001
34	0.190000	0.550000	27.320000	90.960000	1.000000	5.324690	47.739661
35	0.190000	0.550000	28.380000	85.270000	1.000000	5.246422	47.650918
36	0.180000	0.590000	26.920000	92.220000	1.000000	5.301243	47.471456
37	0.180000	0.580000	27.880000	96.330000	1.000000	5.286684	47.714925
38	0.180000	0.550000	28.690000	88.490000	1.000000	5.307764	47.484041
39	0.170000	0.540000	27.870000	81.870000	1.000000	5.317623	47.955916
40	0.190000	0.460000	29.630000	72.840000	1.000000	5.313876	47.620397
41	0.180000	0.550000	28.350000	85.600000	1.000000	5.449090	48.072381
42	0.170000	0.540000	26.480000	82.190000	1.000000	5.387610	47.910761
43	0.170000	0.560000	27.240000	90.730000	1.000000	5.411195	47.790523
44	0.180000	0.550000	28.480000	88.250000	1.000000	5.399442	47.504203
45	0.180000	0.550000	27.910000	94.750000	0.999600	5.340356	47.418916
46	0.180000	0.570000	28.260000	93.540000	1.000000	5.302913	47.576610
47	0.180000	0.520000	29.090000	85.010000	1.000000	5.271330	47.619093
48	0.180000	0.610000	29.630000	101.930000	1.000000	5.289747	47.908853
49	0.180000	0.470000	30.390000	74.880000	1.000000	5.228141	47.541567
50	0.180000	0.520000	30.740000	82.560000	1.000000	5.333330	47.836083
51	0.180000	0.480000	31.090000	71.530000	1.000000	5.255478	47.689703
52	0.180000	0.510000	29.560000	83.950000	1.000000	5.367453	48.270696
53	0.180000	0.530000	28.980000	79.300000	1.000000	5.355799	47.768403
54	0.180000	0.530000	29.760000	84.520000	1.000000	5.425864	48.056116
55	0.180000	0.440000	28.290000	63.410000	1.000000	5.455315	47.905766
56	0.180000	0.510000	28.640000	80.600000	1.000000	5.338596	47.824726
57	0.180000	0.500000	28.890000	75.780000	1.000000	5.353389	47.789771
58	0.190000	0.490000	29.930000	76.600000	1.000000	5.398444	47.710140
59	0.200000	0.560000	30.550000	94.520000	1.000000	5.343773	47.700108
60	0.210000	0.540000	31.140000	81.780000	1.000000	5.346373	47.674159
61	0.220000	0.560000	31.880000	82.210000	1.000000	5.392711	47.913547
62	0.220000	0.560000	32.380000	84.700000	1.000000	5.460718	47.850689
63	0.230000	0.580000	33.280000	94.190000	1.000000	5.532697	47.573516
64	0.230000	0.560000	34.040000	86.930000	1.000000	5.447109	47.850638
65	0.230000	0.580000	35.080000	83.210000	1.000000	5.472111	47.763846
66	0.230000	0.510000	35.520000	75.340000	1.000000	5.589417	47.942652
67	0.220000	0.550000	34.620000	84.740000	1.000000	5.521987	47.919422
68	0.210000	0.510000	33.370000	75.170000	1.000000	5.527515	48.118353
69	0.240000	0.520000	35.490000	73.380000	1.000000	5.513165	47.830559
70	0.250000	0.490000	36.770000	68.200000	1.000000	5.495509	47.890239
71	0.250000	0.470000	37.950000	59.860000	1.000000	5.417781	47.853554
72	0.250000	0.480000	39.120000	63.870000	1.000000	5.403920	48.052278
73	0.250000	0.510000	39.860000	68.310000	0.999600	5.436504	47.994471
74	0.250000	0.580000	40.670000	82.940000	1.000000	5.556239	47.871592
75	0.250000	0.540000	41.220000	74.470000	1.000000	5.578808	48.141806
76	0.250000	0.490000	41.310000	62.630000	1.000000	5.633420	47.911018
77	0.250000	0.490000	42.200000	61.020000	1.000000	5.661497	48.204090
78	0.250000	0.460000	42.740000	53.390000	1.000000	5.643091	48.147762
79	0.270000	0.450000	44.120000	50.740000	1.000000	5.651622	48.212223
80	0.250000	0.490000	41.160000	68.980000	0.999600	5.672049	48.173150
81	0.250000	0.550000	41.390000	73.510000	1.000000	5.624944	47.870088
82	0.250000	0.450000	42.240000	55.650000	1.000000	5.728125	48.062718
83	0.240000	0.520000	40.320000	73.420000	1.000000	5.680221	48.012612
84	0.250000	0.440000	41.880000	53.130000	1.000000	5.701101	48.293179
85	0.230000	0.520000	39.440000	70.240000	1.000000	5.662662	47.744176
86	0.230000	0.540000	39.690000	76.730000	1.000000	5.710513	47.878071
87	0.240000	0.470000	40.280000	63.470000	1.000000	5.634668	48.289490
88	0.240000	0.580000	40.150000	82.150000	1.000000	5.608199	47.876751
89	0.240000	0.490000	39.290000	69.750000	1.000000	5.633732	47.982431
90	0.240000	0.480000	39.820000	63.170000	1.000000	5.672579	47.716326
91	0.240000	0.510000	40.390000	66.960000	1.000000	5.642799	48.114016
92	0.240000	0.530000	40.890000	72.900000	1.000000	5.626862	47.883432
93	0.230000	0.570000	38.940000	88.680000	1.000000	5.545648	48.043149
94	0.240000	0.580000	40.650000	88.270000	1.000000	5.523371	47.907023
95	0.240000	0.490000	40.930000	67.250000	1.000000	5.515973	47.985778
96	0.240000	0.510000	40.790000	68.780000	1.000000	5.562828	48.161504
97	0.240000	0.510000	40.440000	67.170000	1.000000	5.609225	48.305502
98	0.220000	0.540000	37.530000	72.520000	1.000000	5.637407	48.259564
99	0.220000	0.580000	37.540000	86.110000	1.000000	5.595476	47.826061
100	0.220000	0.520000	37.610000	72.310000	1.000000	5.605586	48.038821
101	0.220000	0.540000	38.460000	78.660000	1.000000	5.583137	48.007584
102	0.210000	0.520000	36.940000	67.010000	1.000000	5.395509	47.609872
103	0.190000	0.500000	33.630000	71.230000	1.000000	5.366952	47.879659
104	0.190000	0.520000	34.040000	75.980000	1.000000	5.381021	47.594590
105	0.200000	0.500000	34.390000	75.320000	0.999600	5.482139	47.969176
106	0.200000	0.570000	34.160000	90.340000	1.000000	5.494356	48.037610
107	0.210000	0.580000	33.730000	87.760000	1.000000	5.429078	47.887766
108	0.200000	0.490000	32.240000	75.720000	1.000000	5.356139	47.529083
109	0.190000	0.490000	30.310000	71.040000	1.000000	5.378205	47.575749
110	0.190000	0.510000	30.870000	73.820000	0.999600	5.419636	48.152717
111	0.200000	0.540000	31.780000	83.530000	1.000000	5.221114	47.343748
112	0.210000	0.600000	31.930000	92.880000	1.000000	5.257651	47.587141
113	0.210000	0.530000	32.500000	80.480000	1.000000	5.378389	47.894043
114	0.210000	0.490000	31.830000	69.410000	1.000000	5.395505	48.123787
115	0.210000	0.490000	32.000000	70.780000	1.000000	5.385906	47.930448
116	0.210000	0.540000	32.790000	75.850000	0.999600	5.415151	47.501114
117	0.210000	0.570000	33.160000	86.130000	1.000000	5.382300	47.787250
118	0.210000	0.460000	33.960000	60.130000	1.000000	5.554622	48.052403
119	0.200000	0.500000	32.980000	70.640000	1.000000	5.619054	48.273540
120	0.200000	0.570000	33.300000	87.750000	1.000000	5.451307	47.872836
121	0.200000	0.580000	33.310000	92.080000	1.000000	5.423728	47.788245
122	0.190000	0.480000	31.710000	71.030000	1.000000	5.432547	47.761779
123	0.190000	0.470000	32.030000	72.880000	1.000000	5.366407	47.965361
124	0.210000	0.570000	33.240000	91.640000	1.000000	5.332740	47.891778
125	0.210000	0.540000	34.040000	86.310000	1.000000	5.293465	47.984703
126	0.200000	0.600000	33.620000	91.640000	1.000000	5.346747	47.951578
127	0.200000	0.550000	33.720000	83.130000	1.000000	5.316960	47.761371
128	0.200000	0.570000	33.890000	88.870000	1.000000	5.369071	47.671377
129	0.190000	0.500000	32.470000	73.060000	1.000000	5.467802	47.832948
130	0.190000	0.450000	32.860000	60.960000	1.000000	5.460703	48.293702
131	0.190000	0.570000	33.360000	86.240000	0.999600	5.445143	47.431180
132	0.190000	0.510000	33.580000	68.060000	1.000000	5.414225	47.996077
133	0.190000	0.510000	31.770000	74.010000	1.000000	5.412268	47.748810
134	0.180000	0.540000	30.310000	85.850000	1.000000	5.366016	47.869032
135	0.180000	0.500000	30.750000	76.590000	1.000000	5.460491	47.887844
136	0.180000	0.540000	30.790000	88.260000	1.000000	5.409312	47.886806
137	0.180000	0.540000	30.980000	87.430000	1.000000	5.285258	47.487091
138	0.180000	0.590000	30.010000	94.940000	1.000000	5.313259	47.294416
139	0.190000	0.560000	30.720000	89.230000	1.000000	5.235421	47.657022
140	0.190000	0.530000	31.370000	80.690000	1.000000	5.360821	47.610915
141	0.190000	0.560000	31.380000	91.140000	1.000000	5.344988	47.864268
142	0.200000	0.540000	32.260000	82.160000	1.000000	5.384899	48.035802
143	0.190000	0.520000	30.340000	77.140000	1.000000	5.438215	47.881813
144	0.190000	0.570000	31.150000	89.020000	1.000000	5.392594	47.849418
145	0.200000	0.590000	31.990000	94.910000	1.000000	5.414374	48.324349
146	0.180000	0.460000	28.700000	68.050000	1.000000	5.384324	47.915651
147	0.190000	0.540000	29.570000	87.290000	1.000000	5.280285	47.529427
148	0.200000	0.530000	31.140000	84.240000	1.000000	5.303616	47.958148
149	0.190000	0.520000	30.360000	78.080000	1.000000	5.401703	47.834071
150	0.190000	0.510000	31.340000	74.610000	1.000000	5.412985	48.151584
151	0.190000	0.490000	31.450000	74.290000	1.000000	5.330229	47.771146
152	0.190000	0.470000	32.150000	70.370000	1.000000	5.348018	47.886633
153	0.180000	0.510000	29.810000	75.790000	1.000000	5.346402	48.154516
154	0.170000	0.550000	26.990000	87.200000	1.000000	5.293417	48.022887
155	0.180000	0.480000	28.880000	73.430000	1.000000	5.230345	47.815009
156	0.180000	0.510000	29.120000	77.110000	1.000000	5.296460	47.611946
157	0.200000	0.610000	30.890000	102.630000	1.000000	5.428585	47.857278
158	0.200000	0.570000	31.650000	92.600000	1.000000	5.387863	47.895467
159	0.180000	0.580000	28.130000	99.590000	1.000000	5.387291	48.157395
160	0.180000	0.580000	28.530000	91.740000	1.000000	5.342067	47.905448
161	0.160000	0.570000	25.360000	93.630000	1.000000	5.293004	47.685848
162	0.160000	0.470000	25.040000	74.660000	1.000000	5.141467	47.148646
163	0.160000	0.580000	24.650000	98.820000	1.000000	5.194185	47.375083
164	0.160000	0.570000	25.230000	97.070000	1.000000	5.200195	47.582892
165	0.150000	0.470000	24.320000	74.960000	1.000000	5.251514	47.532495
166	0.150000	0.530000	24.500000	90.950000	1.000000	5.205281	47.394056
167	0.140000	0.500000	23.220000	81.800000	1.000000	5.263222	47.504405
168	0.140000	0.520000	23.420000	86.770000	1.000000	5.241319	47.866202
169	0.120000	0.470000	20.370000	75.530000	1.000000	5.319386	47.957216
170	0.120000	0.550000	20.640000	94.420000	1.000000	5.137837	47.485059
171	0.130000	0.560000	21.330000	92.960000	1.000000	5.034254	47.791009
172	0.140000	0.580000	21.990000	105.410000	0.999600	5.120457	47.719928
173	0.140000	0.570000	22.190000	95.150000	1.000000	5.088446	47.520819
174	0.140000	0.480000	22.590000	80.180000	1.000000	5.136137	47.535099
175	0.140000	0.460000	23.330000	75.430000	1.000000	5.165562	47.837411
176	0.140000	0.630000	22.640000	113.880000	1.000000	5.099316	47.716340
177	0.140000	0.590000	23.100000	99.050000	1.000000	5.234871	47.738988
178	0.150000	0.620000	23.610000	110.400000	1.000000	5.240032	47.759705
179	0.150000	0.580000	22.590000	101.370000	1.000000	5.176914	47.590755
180	0.160000	0.540000	24.250000	90.560000	0.999600	5.125580	47.717433
181	0.160000	0.510000	24.640000	82.580000	1.000000	5.139866	47.620781
182	0.170000	0.440000	25.790000	63.680000	1.000000	5.186409	48.124911
183	0.170000	0.460000	24.850000	71.930000	1.000000	5.335977	47.737085
184	0.160000	0.520000	23.890000	87.680000	1.000000	5.329692	48.069032
185	0.160000	0.570000	24.460000	90.770000	1.000000	5.343538	47.872148
186	0.160000	0.580000	25.000000	99.840000	1.000000	5.347405	47.974220
187	0.170000	0.560000	25.890000	91.960000	1.000000	5.278250	48.093504
188	0.180000	0.520000	26.950000	82.000000	1.000000	5.252435	47.852904
189	0.180000	0.590000	27.520000	96.220000	1.000000	5.169288	47.484076
190	0.180000	0.520000	27.720000	84.290000	1.000000	5.213308	47.525800
191	0.180000	0.500000	28.500000	78.380000	0.999600	5.235010	47.736471
192	0.190000	0.530000	28.900000	83.320000	1.000000	5.220290	47.786204
193	0.190000	0.450000	29.120000	65.720000	1.000000	5.284151	47.718398
194	0.170000	0.480000	25.920000	78.820000	1.000000	5.331532	48.034755
195	0.170000	0.620000	26.360000	102.120000	1.000000	5.243178	47.714921
196	0.160000	0.500000	25.050000	83.890000	1.000000	5.211808	47.921654
197	0.150000	0.550000	22.390000	95.110000	1.000000	5.143702	47.534757
198	0.150000	0.560000	22.980000	96.490000	1.000000	5.148763	47.698908
199	0.150000	0.610000	23.380000	103.530000	1.000000	5.213508	47.604329
200	0.140000	0.600000	21.920000	102.570000	1.000000	5.201119	47.858705
201	0.140000	0.590000	22.630000	107.250000	1.000000	5.130647	47.733769
202	0.150000	0.500000	23.450000	81.180000	1.000000	5.169017	47.956890
203	0.160000	0.540000	25.030000	85.930000	1.000000	5.107769	47.677614
204	0.160000	0.460000	25.530000	71.560000	1.000000	5.127523	47.682044
205	0.160000	0.500000	26.150000	79.680000	1.000000	5.148741	47.657022
206	0.160000	0.480000	26.460000	73.760000	1.000000	5.264305	47.898989
207	0.160000	0.520000	26.670000	83.910000	1.000000	5.212969	47.743369
208	0.160000	0.580000	27.190000	92.750000	1.000000	5.219814	47.854443
209	0.160000	0.520000	26.830000	82.800000	0.999600	5.142560	47.933003
210	0.160000	0.570000	27.410000	93.600000	1.000000	5.200720	47.947809
211	0.160000	0.590000	27.760000	99.930000	1.000000	5.137188	47.998840
212	0.160000	0.530000	28.220000	84.380000	1.000000	5.296410	47.861051
213	0.170000	0.530000	28.570000	81.870000	1.000000	5.259810	47.938440
214	0.170000	0.580000	29.070000	92.950000	1.000000	5.184095	47.577005
215	0.180000	0.550000	28.810000	84.060000	1.000000	5.214904	47.706809
216	0.180000	0.510000	29.450000	77.530000	1.000000	5.127626	47.859339
217	0.190000	0.510000	30.590000	79.290000	1.000000	5.165237	47.781316
218	0.190000	0.600000	30.570000	97.990000	0.999600	5.169686	47.862161
219	0.190000	0.510000	31.040000	72.920000	1.000000	5.177118	48.346741
220	0.190000	0.640000	31.730000	103.800000	1.000000	5.238650	47.924260
221	0.190000	0.540000	31.210000	85.230000	1.000000	5.151687	47.579505
222	0.200000	0.520000	31.940000	76.850000	1.000000	5.218486	47.794079
223	0.210000	0.450000	32.820000	62.560000	1.000000	5.274341	48.140844
224	0.200000	0.560000	32.050000	86.400000	1.000000	5.281579	47.764539
225	0.210000	0.570000	33.200000	86.940000	1.000000	5.311173	47.824853
226	0.200000	0.570000	31.730000	85.680000	1.000000	5.400974	48.025557
227	0.200000	0.520000	31.770000	75.420000	1.000000	5.337204	47.965960
228	0.180000	0.520000	28.420000	82.050000	1.000000	5.252810	47.704424
229	0.190000	0.610000	30.300000	97.660000	1.000000	5.270442	48.218561
230	0.190000	0.610000	30.780000	98.190000	1.000000	5.270658	47.988547
231	0.190000	0.540000	31.160000	82.280000	1.000000	5.209055	47.817332
232	0.200000	0.540000	32.110000	83.950000	1.000000	5.263206	47.855455
233	0.200000	0.580000	32.700000	92.380000	1.000000	5.345619	48.015627
234	0.190000	0.540000	31.220000	82.790000	1.000000	5.400113	47.740574
235	0.200000	0.490000	32.700000	66.570000	1.000000	5.444360	47.928505
236	0.200000	0.490000	33.250000	69.060000	1.000000	5.313135	47.664517
237	0.200000	0.510000	33.300000	76.760000	1.000000	5.250184	47.640927
238	0.200000	0.550000	33.820000	84.250000	1.000000	5.256940	47.841770
239	0.200000	0.520000	34.330000	72.310000	1.000000	5.252445	47.440061
240	0.200000	0.500000	33.720000	68.540000	1.000000	5.251492	47.343518
241	0.200000	0.460000	34.500000	61.450000	1.000000	5.257538	47.352274
242	0.200000	0.530000	34.330000	75.100000	1.000000	5.211234	47.660445
243	0.190000	0.580000	32.770000	90.490000	1.000000	5.255282	47.597433
244	0.190000	0.540000	32.880000	86.670000	1.000000	5.196228	47.527067
245	0.180000	0.580000	31.680000	89.740000	1.000000	5.334652	47.892153
246	0.180000	0.580000	31.880000	92.580000	1.000000	5.430043	48.036410
247	0.180000	0.540000	30.860000	83.280000	1.000000	5.369177	48.156363
248	0.170000	0.480000	29.200000	75.480000	1.000000	5.354704	48.072088
249	0.180000	0.560000	30.590000	90.060000	1.000000	5.310142	47.496491
250	0.170000	0.530000	28.790000	82.990000	1.000000	5.292712	47.741753
251	0.170000	0.560000	29.220000	90.800000	1.000000	5.328464	47.806604
252	0.160000	0.570000	27.650000	92.260000	1.000000	5.335545	47.646930
253	0.160000	0.540000	28.050000	85.600000	1.000000	5.325374	47.769480
254	0.170000	0.540000	28.490000	88.690000	1.000000	5.352490	47.573687
255	0.180000	0.570000	29.640000	92.090000	1.000000	5.255914	47.878525
256	0.180000	0.560000	30.070000	88.350000	1.000000	5.276388	47.811848
257	0.180000	0.480000	30.360000	72.060000	1.000000	5.379228	48.078283
258	0.190000	0.540000	31.030000	85.020000	1.000000	5.347133	47.866256
259	0.190000	0.470000	31.490000	69.180000	1.000000	5.286720	48.010915
260	0.190000	0.530000	31.370000	81.330000	1.000000	5.407193	48.123618
261	0.180000	0.530000	30.000000	79.720000	1.000000	5.338667	47.976202
262	0.170000	0.610000	27.780000	101.630000	1.000000	5.293956	47.765129
263	0.170000	0.580000	28.430000	91.670000	1.000000	5.209123	47.573815
264	0.170000	0.530000	28.650000	82.540000	1.000000	5.324049	47.688523
265	0.170000	0.520000	28.910000	80.200000	1.000000	5.329692	47.849733
266	0.160000	0.530000	27.420000	80.530000	1.000000	5.394422	47.835034
267	0.160000	0.560000	27.570000	87.780000	1.000000	5.387292	47.750380
268	0.160000	0.540000	26.230000	88.930000	1.000000	5.293438	48.103722
269	0.160000	0.580000	26.450000	100.800000	1.000000	5.294430	47.835034
270	0.150000	0.560000	24.850000	90.350000	1.000000	5.328970	47.951498
271	0.150000	0.600000	24.890000	102.410000	1.000000	5.300046	47.910834
272	0.140000	0.570000	23.620000	100.430000	1.000000	5.115496	47.621834
273	0.150000	0.630000	22.260000	107.330000	1.000000	5.053487	47.521595
274	0.170000	0.560000	24.040000	96.690000	1.000000	5.061337	47.909414
275	0.170000	0.610000	23.080000	107.990000	1.000000	5.044221	47.589124
276	0.170000	0.480000	23.360000	82.020000	1.000000	5.006989	47.525060
277	0.170000	0.510000	23.640000	85.360000	1.000000	5.127051	47.707390
278	0.170000	0.600000	24.280000	103.590000	0.999600	5.054592	47.447971
279	0.170000	0.600000	23.170000	105.070000	1.000000	5.078944	47.729744
280	0.180000	0.600000	24.450000	100.920000	1.000000	5.084990	47.492558
281	0.180000	0.630000	25.240000	107.890000	1.000000	5.165605	47.695395
282	0.180000	0.550000	25.640000	91.010000	1.000000	5.195734	47.718855
283	0.180000	0.540000	26.690000	89.260000	1.000000	5.179460	47.816344
284	0.180000	0.560000	27.200000	89.690000	1.000000	5.304039	47.722735
285	0.180000	0.580000	27.700000	98.340000	1.000000	5.278066	47.932440
286	0.170000	0.590000	25.990000	96.220000	1.000000	5.242388	47.813977
287	0.170000	0.450000	26.340000	69.750000	1.000000	5.140136	47.930737
288	0.160000	0.520000	25.430000	81.900000	1.000000	5.178678	47.531838
289	0.160000	0.530000	25.780000	84.460000	1.000000	5.144697	47.628529
290	0.150000	0.540000	24.090000	94.540000	1.000000	5.122717	47.633604
291	0.150000	0.570000	24.310000	102.080000	1.000000	5.164650	47.664251
292	0.150000	0.500000	24.720000	84.810000	1.000000	5.272134	47.940720
293	0.150000	0.490000	25.160000	77.590000	1.000000	5.297962	47.637733
294	0.150000	0.480000	25.460000	79.420000	0.999600	5.295352	47.694727
295	0.150000	0.480000	25.840000	77.340000	1.000000	5.277475	47.888425
296	0.150000	0.450000	26.070000	68.580000	1.000000	5.303277	47.881085
297	0.150000	0.500000	26.500000	78.760000	1.000000	5.300111	47.793817
298	0.150000	0.450000	26.760000	67.780000	1.000000	5.320138	47.674627
299	0.150000	0.570000	26.390000	93.140000	1.000000	5.188427	47.695903
300	0.150000	0.550000	26.290000	92.130000	1.000000	5.136972	47.833594
301	0.150000	0.540000	26.490000	90.680000	1.000000	5.164359	48.081262
302	0.170000	0.530000	27.850000	85.730000	1.000000	5.160472	47.637938
303	0.150000	0.610000	24.580000	105.020000	1.000000	5.134633	47.440065
304	0.150000	0.580000	24.820000	101.840000	1.000000	5.148556	47.824771
305	0.160000	0.500000	25.230000	79.430000	1.000000	5.122771	47.545131
306	0.160000	0.510000	25.120000	84.400000	1.000000	5.166590	47.539632
307	0.160000	0.580000	25.580000	97.970000	1.000000	5.148913	48.008083
308	0.160000	0.570000	25.740000	94.660000	1.000000	5.169306	47.962096
309	0.170000	0.580000	26.260000	91.250000	1.000000	5.073189	47.833450
310	0.160000	0.590000	24.650000	97.090000	1.000000	5.033070	47.769682
311	0.170000	0.600000	25.150000	100.700000	1.000000	5.083863	47.711819
312	0.180000	0.520000	26.310000	85.240000	1.000000	5.199237	47.650727
313	0.190000	0.620000	27.140000	105.960000	1.000000	5.248582	47.687387
314	0.190000	0.490000	27.610000	78.650000	1.000000	5.239015	48.011007
315	0.190000	0.510000	28.570000	81.960000	0.999600	5.243162	47.521722
316	0.190000	0.570000	29.140000	91.960000	1.000000	5.387179	48.118907
317	0.190000	0.470000	29.220000	72.120000	1.000000	5.360644	47.847242
318	0.190000	0.540000	29.690000	84.000000	1.000000	5.331209	47.933751
319	0.190000	0.520000	28.760000	78.610000	1.000000	5.368440	47.957334
320	0.180000	0.560000	27.960000	86.680000	1.000000	5.339520	48.128831
321	0.180000	0.420000	28.400000	63.070000	1.000000	5.275498	47.678539
322	0.190000	0.600000	29.130000	89.960000	1.000000	5.186158	47.731536
323	0.170000	0.530000	25.910000	84.700000	1.000000	5.263302	48.082402
324	0.180000	0.560000	27.210000	88.750000	1.000000	5.273594	47.723539
325	0.180000	0.480000	28.210000	74.110000	1.000000	5.298970	47.594481
326	0.170000	0.600000	26.950000	95.180000	1.000000	5.292954	47.792983
327	0.170000	0.570000	27.520000	91.320000	1.000000	5.267391	47.848318
328	0.190000	0.550000	28.930000	85.110000	1.000000	5.270615	47.717263
329	0.190000	0.490000	29.390000	77.560000	0.999600	5.200466	47.525051
330	0.200000	0.560000	30.360000	87.940000	1.000000	5.265174	47.984053
331	0.210000	0.480000	30.410000	71.750000	1.000000	5.202820	47.569353
332	0.220000	0.540000	31.560000	81.500000	1.000000	5.339515	47.853594
333	0.210000	0.440000	30.440000	59.370000	1.000000	5.307003	47.766559
334	0.210000	0.510000	31.070000	82.050000	1.000000	5.349644	47.711955
335	0.220000	0.530000	32.090000	82.800000	1.000000	5.345237	47.717229
336	0.220000	0.520000	33.120000	78.810000	1.000000	5.353929	47.883024
337	0.210000	0.470000	33.080000	63.620000	1.000000	5.274654	47.866532
338	0.210000	0.520000	34.110000	76.340000	1.000000	5.347172	48.056206
339	0.210000	0.560000	34.300000	88.980000	1.000000	5.436258	48.012455
340	0.220000	0.490000	35.210000	68.340000	0.999600	5.498913	48.059593
341	0.230000	0.480000	35.810000	67.080000	1.000000	5.453204	47.995917
342	0.230000	0.550000	36.500000	82.100000	1.000000	5.473628	47.840139
343	0.230000	0.560000	36.560000	82.660000	1.000000	5.538747	48.310145
344	0.230000	0.490000	36.370000	68.200000	1.000000	5.550902	48.057000
345	0.210000	0.470000	32.840000	66.390000	1.000000	5.548025	47.801895
346	0.200000	0.470000	31.410000	72.640000	1.000000	5.590538	48.106212
347	0.200000	0.500000	32.200000	74.990000	1.000000	5.541706	47.757032
348	0.200000	0.470000	32.670000	67.900000	1.000000	5.480962	47.869214
349	0.200000	0.550000	33.670000	80.590000	1.000000	5.450217	47.528234
350	0.200000	0.480000	33.740000	64.980000	1.000000	5.463711	47.860528
351	0.200000	0.580000	34.440000	86.840000	1.000000	5.398095	47.614424
352	0.190000	0.520000	33.380000	77.540000	1.000000	5.467361	48.109631
353	0.190000	0.580000	33.700000	94.380000	1.000000	5.496654	47.900544
354	0.190000	0.530000	33.230000	80.750000	1.000000	5.406145	47.886919
355	0.200000	0.530000	33.410000	79.560000	1.000000	5.516774	47.916353
356	0.210000	0.560000	34.350000	84.790000	1.000000	5.549230	47.972670
357	0.210000	0.490000	34.720000	70.360000	1.000000	5.553947	47.834170
358	0.210000	0.520000	34.900000	76.520000	1.000000	5.473623	47.909364
359	0.190000	0.520000	29.540000	81.380000	1.000000	5.564685	48.240784
360	0.190000	0.530000	30.280000	80.840000	1.000000	5.521233	48.156328
361	0.180000	0.510000	28.780000	80.660000	1.000000	5.427194	47.939851
362	0.180000	0.550000	29.570000	84.670000	1.000000	5.351194	48.015500
363	0.180000	0.500000	29.650000	72.840000	1.000000	5.343407	47.740608
364	0.190000	0.480000	29.970000	73.200000	1.000000	5.331348	47.753191
365	0.190000	0.530000	29.920000	82.250000	1.000000	5.297439	47.815586
366	0.180000	0.560000	28.510000	88.320000	1.000000	5.248980	48.020895
367	0.180000	0.490000	28.940000	69.480000	1.000000	5.241758	47.737527
368	0.170000	0.560000	27.880000	90.920000	1.000000	5.245119	47.809807
369	0.170000	0.580000	28.060000	93.360000	1.000000	5.252266	47.776729
370	0.170000	0.520000	27.250000	81.090000	1.000000	5.289876	47.883594
371	0.180000	0.500000	27.920000	78.650000	1.000000	5.220505	47.895469
372	0.180000	0.590000	28.440000	94.730000	1.000000	5.173503	47.997742
373	0.180000	0.580000	28.560000	94.990000	1.000000	5.194663	47.994063
374	0.170000	0.570000	27.440000	98.000000	1.000000	5.278721	48.108105
375	0.170000	0.520000	27.810000	79.780000	1.000000	5.226409	47.556652
376	0.160000	0.520000	25.150000	87.680000	1.000000	5.203725	47.603238
377	0.160000	0.570000	25.740000	94.150000	1.000000	5.291026	47.919375
378	0.160000	0.470000	26.220000	76.090000	1.000000	5.247440	47.914272
379	0.140000	0.530000	23.390000	88.570000	1.000000	5.201585	47.642509
380	0.160000	0.460000	24.880000	73.810000	1.000000	5.177080	47.911155
381	0.170000	0.480000	25.640000	79.980000	1.000000	5.128034	47.748138
382	0.170000	0.590000	26.140000	101.300000	1.000000	5.139144	47.658526
383	0.170000	0.530000	26.810000	82.190000	1.000000	5.212527	48.077580
384	0.180000	0.540000	27.860000	90.860000	1.000000	5.188708	47.596870
385	0.180000	0.570000	26.830000	91.900000	1.000000	5.119311	47.736961
386	0.170000	0.460000	25.790000	73.870000	1.000000	5.195508	47.991876
387	0.170000	0.650000	26.250000	114.640000	1.000000	5.155078	47.529139
388	0.170000	0.570000	26.530000	97.220000	1.000000	5.207515	47.879612
389	0.170000	0.540000	26.950000	88.730000	1.000000	5.248903	47.645681
390	0.170000	0.500000	26.880000	79.530000	0.999600	5.245307	47.378053
391	0.200000	0.560000	28.260000	88.560000	1.000000	5.234644	47.845656
392	0.200000	0.530000	28.350000	82.290000	1.000000	5.279077	47.932496
393	0.190000	0.510000	28.270000	80.850000	1.000000	5.243134	47.796073
394	0.180000	0.630000	27.150000	108.200000	1.000000	5.261348	47.555665
395	0.180000	0.560000	27.250000	88.150000	1.000000	5.260861	47.841508
396	0.190000	0.560000	27.860000	93.700000	1.000000	5.357053	48.003707
397	0.200000	0.610000	28.780000	102.250000	1.000000	5.380514	48.077205
398	0.200000	0.520000	29.770000	82.860000	1.000000	5.408499	48.020418
399	0.210000	0.490000	30.840000	75.810000	0.999600	5.439140	48.162900
400	0.210000	0.590000	31.130000	91.870000	1.000000	5.275605	47.473789
401	0.210000	0.510000	31.400000	79.050000	1.000000	5.333718	47.926808
402	0.210000	0.440000	31.990000	58.490000	1.000000	5.331762	47.809641
403	0.210000	0.560000	32.690000	89.840000	1.000000	5.479750	48.180862
404	0.210000	0.550000	32.120000	85.040000	1.000000	5.444541	47.776254
405	0.210000	0.490000	32.860000	66.560000	1.000000	5.529265	47.696956
406	0.210000	0.510000	33.810000	67.510000	0.999600	5.483786	47.552202
407	0.210000	0.550000	34.430000	80.920000	1.000000	5.477809	47.710129
408	0.210000	0.530000	34.970000	77.210000	1.000000	5.458035	47.586973
409	0.220000	0.510000	35.510000	70.670000	1.000000	5.517561	48.026193
410	0.220000	0.530000	35.910000	72.710000	1.000000	5.546436	47.919232
411	0.220000	0.500000	36.370000	67.060000	1.000000	5.510985	47.854320
412	0.220000	0.440000	36.850000	53.610000	1.000000	5.600328	47.776363
413	0.220000	0.500000	37.230000	67.170000	1.000000	5.619042	47.948610
414	0.230000	0.540000	38.310000	72.910000	1.000000	5.550019	47.781687
415	0.230000	0.520000	38.620000	70.690000	1.000000	5.634274	48.398601
416	0.220000	0.520000	37.700000	74.240000	1.000000	5.663940	48.280554
417	0.210000	0.510000	36.180000	75.570000	1.000000	5.593498	47.883838
418	0.230000	0.490000	38.150000	57.430000	1.000000	5.564374	48.115134
419	0.220000	0.530000	36.740000	77.960000	1.000000	5.631181	48.403007
420	0.210000	0.570000	35.110000	89.520000	1.000000	5.597617	48.189843
421	0.220000	0.570000	36.040000	90.280000	1.000000	5.477133	48.097502
422	0.210000	0.560000	34.300000	87.840000	1.000000	5.441551	47.801813
423	0.210000	0.550000	34.830000	80.310000	1.000000	5.511001	47.698881
424	0.210000	0.470000	35.160000	62.910000	1.000000	5.489108	48.078866
425	0.200000	0.500000	33.510000	73.870000	1.000000	5.418102	48.014585
426	0.210000	0.500000	34.580000	68.490000	1.000000	5.372763	47.644811
427	0.210000	0.480000	35.070000	68.220000	1.000000	5.437690	47.984252
428	0.200000	0.510000	33.520000	70.930000	1.000000	5.470903	47.980313
429	0.200000	0.510000	33.740000	73.450000	1.000000	5.483305	47.682199
430	0.200000	0.450000	34.270000	61.950000	1.000000	5.549414	48.344702
431	0.210000	0.560000	34.470000	88.280000	1.000000	5.518014	47.774892
432	0.200000	0.480000	32.880000	71.200000	1.000000	5.561523	48.317793
433	0.200000	0.560000	33.490000	85.550000	1.000000	5.442505	47.710693
434	0.200000	0.430000	34.150000	55.900000	1.000000	5.440551	47.727085
435	0.200000	0.490000	33.490000	69.210000	1.000000	5.479140	48.317993
436	0.200000	0.580000	32.490000	91.120000	1.000000	5.454779	47.908241
437	0.200000	0.520000	32.790000	76.210000	1.000000	5.482409	48.049468
438	0.210000	0.540000	34.110000	80.100000	1.000000	5.426393	47.941772
439	0.210000	0.450000	33.920000	57.920000	1.000000	5.421828	47.892863
440	0.220000	0.470000	34.370000	64.700000	1.000000	5.523613	47.891525
441	0.220000	0.530000	34.730000	76.290000	1.000000	5.510005	47.557898
442	0.220000	0.550000	35.650000	82.790000	1.000000	5.602648	48.054825
443	0.220000	0.510000	36.080000	69.550000	1.000000	5.542723	47.845429
444	0.220000	0.540000	35.670000	78.950000	1.000000	5.591276	47.676115
445	0.210000	0.510000	34.440000	76.960000	1.000000	5.595808	47.988717
446	0.210000	0.540000	34.950000	78.470000	1.000000	5.527056	48.019717
447	0.210000	0.540000	34.460000	75.180000	1.000000	5.409051	47.927463
448	0.210000	0.570000	34.360000	85.560000	1.000000	5.401252	47.525200
449	0.210000	0.440000	34.090000	59.670000	1.000000	5.480329	47.950921
450	0.220000	0.440000	35.330000	58.870000	1.000000	5.506835	48.223234
451	0.220000	0.550000	35.300000	84.800000	1.000000	5.509449	47.801385
452	0.210000	0.580000	34.870000	89.970000	1.000000	5.526724	47.978532
453	0.210000	0.530000	35.580000	76.740000	1.000000	5.480918	47.698768
454	0.210000	0.460000	35.700000	64.330000	1.000000	5.398795	47.769401
455	0.220000	0.500000	36.640000	71.860000	1.000000	5.459457	47.806174
456	0.220000	0.580000	36.890000	87.330000	1.000000	5.522290	47.767076
457	0.210000	0.520000	35.610000	72.500000	1.000000	5.426132	47.489156
458	0.210000	0.480000	34.920000	61.160000	0.999600	5.462348	47.959836
459	0.200000	0.510000	34.090000	75.090000	1.000000	5.572111	47.955426
460	0.200000	0.440000	34.750000	59.220000	1.000000	5.502239	47.656126
461	0.180000	0.480000	31.100000	69.820000	0.999600	5.395977	47.716209
462	0.180000	0.430000	31.500000	62.340000	1.000000	5.465809	47.782649
463	0.210000	0.510000	33.510000	76.050000	1.000000	5.589434	48.239597
464	0.200000	0.550000	32.440000	84.570000	1.000000	5.557513	48.025717
465	0.210000	0.490000	32.840000	72.470000	1.000000	5.608867	48.183657
466	0.210000	0.480000	33.700000	68.800000	1.000000	5.555692	48.005159
467	0.210000	0.520000	33.900000	79.450000	1.000000	5.438455	47.973548
468	0.220000	0.510000	34.620000	73.070000	1.000000	5.333434	47.846947
469	0.220000	0.500000	35.410000	68.960000	1.000000	5.391193	47.664646
470	0.210000	0.490000	34.120000	65.750000	1.000000	5.401184	47.725339
471	0.210000	0.550000	34.120000	82.240000	1.000000	5.406972	48.007813
472	0.200000	0.480000	31.260000	69.250000	1.000000	5.366542	47.648789
473	0.200000	0.570000	31.970000	90.310000	0.999600	5.362397	47.643046
474	0.190000	0.600000	30.630000	94.930000	1.000000	5.346116	47.960093
475	0.180000	0.460000	29.220000	64.390000	1.000000	5.305020	47.955011
476	0.180000	0.460000	29.520000	66.660000	0.999600	5.315952	47.635050
477	0.180000	0.580000	30.520000	93.620000	1.000000	5.350695	47.930118
478	0.180000	0.630000	30.520000	105.240000	1.000000	5.324744	47.810912
479	0.180000	0.580000	30.740000	92.620000	1.000000	5.344851	47.632220
480	0.170000	0.550000	28.440000	92.390000	1.000000	5.455803	47.590142
481	0.170000	0.550000	29.120000	84.370000	1.000000	5.485696	48.030665
482	0.170000	0.570000	28.750000	91.420000	1.000000	5.379146	47.984767
483	0.170000	0.540000	29.190000	83.970000	1.000000	5.299633	47.788452
484	0.160000	0.550000	27.710000	85.180000	1.000000	5.338425	47.733941
485	0.160000	0.420000	27.760000	62.440000	1.000000	5.364255	47.777603
486	0.160000	0.520000	28.030000	84.320000	1.000000	5.391564	47.637154
487	0.160000	0.550000	28.200000	88.960000	1.000000	5.386710	47.742475
488	0.160000	0.470000	28.200000	70.630000	1.000000	5.329203	47.715557
489	0.160000	0.510000	28.080000	78.780000	0.999600	5.357002	47.784484
490	0.160000	0.560000	28.660000	88.430000	1.000000	5.300008	47.739319
491	0.160000	0.580000	28.580000	92.570000	1.000000	5.291372	47.479178
492	0.150000	0.550000	27.050000	89.370000	1.000000	5.324163	47.809807
493	0.150000	0.410000	26.850000	56.900000	0.999600	5.449155	47.592137
494	0.160000	0.460000	27.120000	68.510000	1.000000	5.358533	47.869897
495	0.180000	0.560000	27.940000	96.790000	1.000000	5.208521	47.771219
496	0.180000	0.510000	27.860000	79.110000	1.000000	5.201739	47.747912
497	0.180000	0.510000	27.810000	79.640000	1.000000	5.246646	47.661329
498	0.180000	0.480000	26.820000	71.240000	1.000000	5.256514	47.944879
499	0.180000	0.640000	27.120000	110.090000	1.000000	5.213964	47.538981
500	0.190000	0.530000	28.140000	83.620000	1.000000	5.218411	47.673724
501	0.190000	0.520000	28.750000	84.300000	0.999600	5.240794	47.816896
502	0.180000	0.510000	27.170000	82.090000	1.000000	5.329097	47.951724
503	0.180000	0.520000	27.770000	83.470000	1.000000	5.338370	47.799210
504	0.180000	0.560000	28.440000	91.520000	1.000000	5.313475	47.986080
505	0.180000	0.480000	27.430000	72.810000	1.000000	5.420409	48.141660
506	0.190000	0.480000	28.840000	72.800000	1.000000	5.336472	47.932400
507	0.170000	0.560000	25.850000	100.280000	1.000000	5.394382	48.154551
508	0.170000	0.550000	26.700000	88.790000	1.000000	5.348689	47.774711
509	0.170000	0.590000	26.480000	98.130000	1.000000	5.352551	47.545020
510	0.180000	0.610000	26.600000	105.690000	1.000000	5.355965	47.526322
511	0.180000	0.640000	27.570000	109.110000	1.000000	5.358241	47.729555
512	0.180000	0.570000	27.980000	92.910000	1.000000	5.397206	47.555317
513	0.180000	0.490000	28.610000	72.990000	1.000000	5.385111	48.017485
514	0.180000	0.490000	29.190000	76.220000	1.000000	5.380333	47.897867
515	0.170000	0.550000	28.040000	83.090000	1.000000	5.325314	47.631212
516	0.170000	0.450000	28.970000	64.660000	1.000000	5.334167	47.349841
517	0.170000	0.460000	29.270000	65.880000	1.000000	5.379788	47.664087
518	0.170000	0.550000	29.360000	90.380000	1.000000	5.375475	47.873779
519	0.170000	0.530000	29.580000	82.440000	1.000000	5.300244	47.578746
520	0.160000	0.540000	28.100000	78.810000	1.000000	5.368118	47.784313
521	0.170000	0.570000	28.700000	89.740000	1.000000	5.378186	47.735129
522	0.160000	0.510000	27.100000	79.050000	1.000000	5.326516	47.494630
523	0.160000	0.540000	27.480000	83.980000	1.000000	5.269601	47.627224
524	0.170000	0.520000	28.480000	82.600000	1.000000	5.349331	47.570845
525	0.160000	0.570000	27.270000	93.250000	1.000000	5.328562	47.776645
526	0.160000	0.540000	27.790000	88.580000	1.000000	5.286947	47.751210
527	0.160000	0.520000	28.420000	78.450000	1.000000	5.290765	47.533138
528	0.160000	0.470000	28.510000	69.180000	1.000000	5.269978	47.474885
529	0.170000	0.600000	28.950000	96.340000	1.000000	5.314380	47.852498
530	0.170000	0.500000	29.010000	74.590000	1.000000	5.314879	47.560301
531	0.140000	0.470000	24.330000	75.520000	1.000000	5.297694	47.920536
532	0.140000	0.510000	24.670000	81.300000	1.000000	5.351965	48.145996
533	0.140000	0.490000	23.460000	78.150000	1.000000	5.332840	48.134311
534	0.140000	0.620000	23.650000	100.530000	1.000000	5.273770	47.925879
535	0.140000	0.500000	24.120000	83.990000	1.000000	5.211942	48.064520
536	0.140000	0.490000	24.160000	79.580000	1.000000	5.180827	47.662789
537	0.140000	0.500000	24.310000	78.560000	1.000000	5.128397	47.154757
538	0.140000	0.570000	24.530000	96.660000	1.000000	5.148254	47.624308
539	0.140000	0.510000	24.470000	84.730000	1.000000	5.249512	48.019083
540	0.150000	0.460000	25.150000	72.360000	1.000000	5.220008	47.777679
541	0.150000	0.530000	25.240000	88.390000	1.000000	5.199641	47.651392
542	0.140000	0.560000	23.650000	92.340000	1.000000	5.124984	47.667771
543	0.120000	0.500000	20.330000	87.780000	1.000000	5.194850	47.920713
544	0.130000	0.550000	20.930000	95.770000	1.000000	5.084118	47.691282
545	0.130000	0.500000	20.970000	78.630000	1.000000	5.049289	47.452837
546	0.130000	0.520000	21.490000	85.420000	1.000000	5.036340	48.091365
547	0.130000	0.540000	22.010000	86.160000	1.000000	5.009894	47.406706
548	0.130000	0.480000	21.780000	80.190000	1.000000	5.012085	47.724708
549	0.140000	0.550000	22.740000	88.710000	1.000000	5.042611	47.904562
550	0.130000	0.630000	21.230000	109.280000	1.000000	5.022348	47.519719
551	0.130000	0.620000	21.530000	103.830000	1.000000	5.047617	47.448233
552	0.140000	0.560000	22.060000	98.490000	1.000000	5.014943	47.802699
553	0.140000	0.610000	22.070000	103.450000	1.000000	4.960711	47.257249
554	0.140000	0.500000	22.550000	84.900000	1.000000	4.982977	47.396083
555	0.140000	0.430000	23.130000	66.300000	1.000000	4.985720	47.522682
556	0.140000	0.500000	23.500000	86.150000	1.000000	4.947282	47.159477
557	0.140000	0.500000	23.750000	83.580000	1.000000	5.058943	47.794523
558	0.130000	0.520000	22.200000	86.190000	1.000000	5.068423	47.719148
559	0.130000	0.560000	22.300000	97.340000	1.000000	4.970159	47.346589
560	0.130000	0.610000	22.160000	105.350000	1.000000	5.044721	47.661236
561	0.120000	0.540000	20.570000	91.860000	1.000000	5.122469	47.732627
562	0.120000	0.600000	19.570000	107.950000	1.000000	5.065875	47.612884
563	0.120000	0.610000	20.190000	108.310000	1.000000	5.040496	47.672438
564	0.110000	0.490000	18.550000	82.760000	1.000000	4.932826	47.487180
565	0.120000	0.540000	19.190000	94.460000	1.000000	5.069334	47.976767
566	0.120000	0.680000	17.820000	126.150000	1.000000	5.050775	47.625980
567	0.120000	0.570000	17.940000	105.830000	1.000000	5.021830	47.942098
568	0.130000	0.530000	18.860000	95.720000	1.000000	4.960724	47.527351
569	0.130000	0.660000	19.360000	119.790000	1.000000	5.013804	47.738625
570	0.130000	0.570000	19.810000	98.730000	1.000000	5.094085	47.862535
571	0.130000	0.530000	19.820000	87.170000	1.000000	5.042977	47.770055
572	0.140000	0.560000	20.330000	96.030000	1.000000	5.065419	47.674361
573	0.140000	0.570000	20.930000	100.910000	1.000000	5.023482	47.414491
574	0.140000	0.520000	21.670000	90.380000	1.000000	5.100131	47.468865
575	0.140000	0.510000	21.920000	88.130000	1.000000	5.145662	47.878370
576	0.140000	0.630000	22.260000	116.460000	1.000000	5.080625	48.049512
577	0.140000	0.550000	22.730000	93.910000	1.000000	5.134991	47.940425
578	0.140000	0.570000	23.280000	98.880000	1.000000	5.162961	47.837862
579	0.120000	0.560000	19.900000	100.530000	1.000000	5.118157	47.678658
580	0.130000	0.550000	21.430000	93.610000	1.000000	5.161291	47.673442
581	0.130000	0.520000	21.860000	89.820000	1.000000	5.084198	47.270378
582	0.120000	0.540000	20.730000	92.560000	1.000000	5.111584	47.778801
583	0.120000	0.540000	21.090000	93.710000	1.000000	5.160938	47.756451
584	0.120000	0.530000	20.870000	93.720000	1.000000	5.178936	47.734324
585	0.130000	0.550000	20.890000	95.640000	1.000000	5.100800	47.605186
586	0.120000	0.520000	19.890000	88.360000	1.000000	5.100721	47.547136
587	0.120000	0.550000	20.050000	97.370000	1.000000	5.074811	47.834060
588	0.120000	0.530000	20.260000	93.010000	1.000000	5.204192	48.121640
589	0.120000	0.570000	20.550000	97.100000	1.000000	5.085951	47.592940
590	0.130000	0.600000	21.120000	105.880000	1.000000	5.185365	47.492044
591	0.150000	0.510000	22.110000	89.810000	1.000000	5.124988	47.330437
592	0.150000	0.590000	22.360000	104.670000	1.000000	5.128579	47.580142
593	0.140000	0.650000	21.090000	119.440000	1.000000	5.122509	47.695213
594	0.150000	0.580000	21.020000	101.990000	1.000000	5.042901	47.694865
595	0.150000	0.510000	20.350000	88.200000	1.000000	5.136166	47.794001
596	0.150000	0.510000	21.120000	88.770000	1.000000	5.105068	47.612507
597	0.150000	0.660000	21.330000	112.360000	1.000000	5.127843	47.576983
598	0.150000	0.450000	22.000000	74.710000	1.000000	5.163515	47.621526
599	0.150000	0.460000	21.850000	74.820000	1.000000	5.115981	47.672436
600	0.150000	0.510000	22.260000	83.880000	1.000000	5.156880	48.010791
601	0.160000	0.520000	23.430000	91.980000	1.000000	5.170001	47.757441
602	0.160000	0.530000	24.060000	91.120000	0.999600	5.099362	47.599763
603	0.160000	0.540000	24.380000	87.100000	0.999600	5.145419	47.852339
604	0.160000	0.510000	24.960000	79.930000	1.000000	5.200704	47.632311
605	0.190000	0.570000	26.100000	96.510000	1.000000	5.176831	47.508493
606	0.190000	0.490000	26.610000	75.830000	1.000000	5.187063	47.778564
607	0.180000	0.520000	26.080000	85.400000	1.000000	5.235826	47.488470
608	0.190000	0.610000	26.700000	100.550000	1.000000	5.223029	47.975203
609	0.200000	0.630000	27.550000	105.900000	1.000000	5.179078	47.536711
610	0.190000	0.590000	26.510000	99.290000	1.000000	5.154307	47.848397
611	0.190000	0.540000	26.920000	85.130000	1.000000	5.177851	47.718769
612	0.190000	0.590000	25.980000	97.940000	1.000000	5.194287	48.057546
613	0.190000	0.590000	26.770000	97.770000	1.000000	5.196676	47.616968
614	0.190000	0.600000	27.600000	101.030000	0.999600	5.268426	47.807205
615	0.200000	0.540000	28.490000	91.360000	1.000000	5.256313	48.008900
616	0.190000	0.540000	27.420000	87.740000	1.000000	5.340226	48.121704
617	0.190000	0.500000	28.160000	77.650000	1.000000	5.251151	47.691973
618	0.200000	0.550000	29.000000	89.770000	1.000000	5.306564	47.849056
619	0.200000	0.600000	29.520000	98.090000	1.000000	5.328324	48.140813
620	0.200000	0.580000	30.010000	95.740000	1.000000	5.334985	47.962440
621	0.200000	0.550000	30.690000	83.080000	1.000000	5.326211	47.479308
622	0.200000	0.510000	31.070000	78.640000	0.999600	5.337635	47.581654
623	0.210000	0.610000	31.920000	99.120000	1.000000	5.334978	47.875862
624	0.220000	0.520000	33.350000	76.610000	1.000000	5.438301	47.713115
625	0.230000	0.550000	34.680000	80.550000	0.999600	5.526584	47.939423
626	0.220000	0.530000	35.170000	72.650000	1.000000	5.515226	47.728758
627	0.220000	0.430000	35.910000	60.350000	1.000000	5.539601	47.594750
628	0.230000	0.520000	36.760000	74.190000	1.000000	5.540558	47.873621
629	0.240000	0.570000	38.000000	84.230000	1.000000	5.515698	47.498173
630	0.230000	0.630000	36.310000	92.520000	1.000000	5.549272	48.183444
631	0.220000	0.520000	33.360000	81.370000	1.000000	5.422144	47.735265
632	0.230000	0.510000	34.230000	74.290000	1.000000	5.339479	47.648549
633	0.230000	0.470000	35.390000	65.560000	1.000000	5.407343	47.835091
634	0.230000	0.500000	34.400000	72.580000	1.000000	5.385323	47.585143
635	0.250000	0.490000	36.880000	65.080000	1.000000	5.417961	48.120786
636	0.240000	0.520000	35.310000	77.250000	1.000000	5.508067	47.987659
637	0.260000	0.500000	36.970000	72.650000	0.999600	5.535422	48.100421
638	0.270000	0.560000	38.450000	83.530000	1.000000	5.496382	48.009418
639	0.260000	0.500000	37.650000	70.190000	1.000000	5.529832	47.994007
640	0.270000	0.570000	39.020000	80.780000	1.000000	5.503981	48.098884
641	0.270000	0.450000	39.910000	54.910000	1.000000	5.490673	47.755635
642	0.280000	0.440000	40.840000	52.240000	1.000000	5.587286	48.044435
643	0.270000	0.540000	40.710000	77.870000	1.000000	5.662331	48.050692
644	0.260000	0.500000	40.270000	67.640000	0.999200	5.579594	47.745976
645	0.270000	0.500000	42.090000	67.150000	1.000000	5.537157	47.954217
646	0.270000	0.530000	43.370000	72.400000	0.999600	5.569238	47.990583
647	0.280000	0.610000	44.810000	87.500000	1.000000	5.612547	48.209234
648	0.270000	0.490000	43.200000	64.760000	1.000000	5.638415	48.408128
649	0.270000	0.470000	43.700000	54.020000	1.000000	5.669938	48.386516
650	0.270000	0.460000	44.110000	54.640000	1.000000	5.698251	48.334943
651	0.280000	0.400000	44.070000	43.670000	1.000000	5.676164	47.981238
652	0.280000	0.410000	45.180000	46.000000	1.000000	5.676485	48.111241
653	0.270000	0.420000	44.490000	46.010000	1.000000	5.674932	48.097547
654	0.270000	0.470000	45.080000	50.100000	1.000000	5.673097	48.107606
655	0.270000	0.420000	45.350000	41.510000	1.000000	5.684459	48.067590
656	0.250000	0.370000	43.090000	36.140000	1.000000	5.711967	47.863553
657	0.230000	0.420000	40.190000	49.490000	1.000000	5.673297	48.116121
658	0.230000	0.480000	39.050000	63.540000	1.000000	5.615030	47.957671
659	0.230000	0.460000	39.080000	60.990000	1.000000	5.556840	48.328258
660	0.220000	0.430000	37.940000	59.270000	1.000000	5.607289	47.996405
661	0.210000	0.480000	34.540000	63.350000	1.000000	5.473771	48.267402
662	0.210000	0.530000	33.450000	76.110000	1.000000	5.459189	48.057828
663	0.210000	0.490000	33.940000	72.210000	1.000000	5.369125	47.440143
664	0.200000	0.490000	32.160000	74.480000	1.000000	5.404644	48.103380
665	0.230000	0.500000	34.240000	73.050000	0.999600	5.455117	47.717380
666	0.240000	0.510000	35.750000	70.800000	1.000000	5.438533	47.773455
667	0.240000	0.530000	35.870000	75.590000	1.000000	5.442516	47.778311
668	0.230000	0.570000	34.800000	86.800000	1.000000	5.457425	48.186569
669	0.230000	0.550000	35.620000	78.730000	0.999600	5.536200	48.125033
670	0.240000	0.460000	36.360000	62.100000	1.000000	5.422460	48.142010
671	0.220000	0.520000	33.080000	76.670000	1.000000	5.363525	47.568794
672	0.220000	0.430000	33.470000	54.370000	1.000000	5.420212	47.717471
673	0.210000	0.510000	33.000000	79.500000	1.000000	5.388926	47.802527
674	0.210000	0.540000	33.470000	80.210000	1.000000	5.412402	47.532355
675	0.210000	0.490000	34.150000	73.760000	1.000000	5.477296	47.690952
676	0.190000	0.490000	30.330000	73.510000	1.000000	5.527482	48.196021
677	0.220000	0.580000	33.160000	91.610000	1.000000	5.424634	47.885947
678	0.220000	0.530000	34.430000	80.490000	1.000000	5.372332	47.958348
679	0.230000	0.560000	35.530000	87.000000	1.000000	5.489050	47.919631
680	0.200000	0.610000	31.790000	101.370000	1.000000	5.444977	47.803443
681	0.210000	0.530000	32.870000	79.920000	1.000000	5.373114	47.983988
682	0.220000	0.450000	33.540000	61.580000	1.000000	5.427914	48.056309
683	0.200000	0.540000	31.110000	84.190000	1.000000	5.348088	47.679653
684	0.200000	0.450000	31.900000	67.020000	1.000000	5.224868	47.774838
685	0.190000	0.600000	31.490000	97.770000	1.000000	5.271770	47.846259
686	0.190000	0.520000	31.050000	86.940000	1.000000	5.319347	47.904526
687	0.190000	0.580000	30.450000	99.280000	1.000000	5.351785	47.847674
688	0.190000	0.500000	30.660000	75.200000	1.000000	5.364441	47.694274
689	0.190000	0.520000	31.330000	79.390000	1.000000	5.267943	47.533957
690	0.180000	0.560000	30.040000	92.430000	1.000000	5.356555	47.708568
691	0.180000	0.520000	30.410000	77.210000	1.000000	5.420567	47.959485
692	0.180000	0.470000	30.740000	69.600000	1.000000	5.365652	47.706394
693	0.180000	0.450000	31.240000	65.530000	1.000000	5.348066	47.468230
694	0.160000	0.500000	26.430000	80.200000	1.000000	5.393883	48.028472
695	0.160000	0.490000	25.670000	76.060000	1.000000	5.332936	48.114580
696	0.160000	0.560000	25.990000	90.180000	1.000000	5.327907	47.908969
697	0.160000	0.580000	26.040000	99.940000	1.000000	5.168844	47.639217
698	0.160000	0.580000	26.450000	96.000000	1.000000	5.117811	47.720663
699	0.150000	0.520000	24.670000	86.390000	1.000000	5.245617	47.615118
700	0.150000	0.450000	23.960000	72.570000	1.000000	5.205206	47.866124
701	0.140000	0.590000	22.590000	101.170000	1.000000	5.289445	47.724649
702	0.140000	0.570000	22.830000	93.360000	1.000000	5.319484	47.947241
703	0.140000	0.490000	23.300000	76.980000	1.000000	5.293961	47.734144
704	0.140000	0.510000	23.730000	79.630000	1.000000	5.255432	47.711436
705	0.140000	0.490000	24.140000	78.170000	1.000000	5.146868	47.833854
706	0.140000	0.570000	24.000000	96.660000	1.000000	5.105621	47.535052
707	0.140000	0.550000	23.980000	85.720000	1.000000	5.168670	47.980732
708	0.160000	0.530000	24.390000	86.040000	1.000000	5.139882	47.711898
709	0.170000	0.650000	25.060000	113.800000	1.000000	5.206284	47.539640
710	0.180000	0.580000	26.300000	99.950000	1.000000	5.217560	47.563956
711	0.180000	0.530000	26.460000	85.380000	1.000000	5.244172	47.317153
712	0.170000	0.530000	25.340000	93.760000	1.000000	5.223230	47.664284
713	0.180000	0.630000	26.510000	110.350000	1.000000	5.172123	47.281247
714	0.190000	0.530000	27.110000	86.350000	1.000000	5.230532	47.886520
715	0.190000	0.540000	27.560000	90.640000	1.000000	5.123512	47.823821
716	0.190000	0.500000	28.150000	80.060000	1.000000	5.198460	47.592782
717	0.190000	0.590000	29.100000	98.530000	1.000000	5.215731	47.750725
718	0.180000	0.490000	27.870000	76.040000	1.000000	5.255905	47.649813
719	0.190000	0.540000	28.590000	82.270000	1.000000	5.234046	47.604602
720	0.190000	0.470000	28.790000	71.400000	1.000000	5.204977	47.649653
721	0.190000	0.540000	28.840000	80.170000	1.000000	5.220393	47.765255
722	0.200000	0.560000	29.400000	88.940000	0.999600	5.190967	47.703118
723	0.220000	0.570000	30.110000	94.800000	1.000000	5.263375	47.622453
724	0.220000	0.600000	31.450000	99.010000	1.000000	5.299433	47.821091
725	0.220000	0.530000	32.350000	80.670000	1.000000	5.304233	47.879499
726	0.220000	0.470000	33.300000	67.640000	1.000000	5.375850	47.868152
727	0.200000	0.490000	30.490000	71.330000	1.000000	5.502150	47.974027
728	0.210000	0.510000	31.610000	73.410000	1.000000	5.457814	47.974275
729	0.210000	0.550000	32.330000	85.350000	0.999600	5.368390	47.647211
730	0.200000	0.480000	31.540000	70.730000	1.000000	5.307768	47.679245
731	0.210000	0.470000	33.250000	70.100000	1.000000	5.351722	47.865182
732	0.200000	0.510000	32.720000	75.190000	1.000000	5.435559	48.116922
733	0.200000	0.510000	33.830000	73.910000	1.000000	5.449848	47.941397
734	0.200000	0.630000	34.250000	107.750000	1.000000	5.482175	48.053445
735	0.200000	0.500000	34.390000	72.930000	1.000000	5.385993	47.734051
736	0.200000	0.530000	34.400000	77.090000	1.000000	5.425427	47.889068
737	0.190000	0.570000	33.210000	91.640000	1.000000	5.372193	47.519559
738	0.200000	0.600000	34.290000	94.460000	0.999600	5.407586	48.129744
739	0.200000	0.610000	34.960000	99.110000	1.000000	5.333870	47.786908
740	0.200000	0.650000	35.180000	106.320000	0.999600	5.385766	47.422157
741	0.190000	0.490000	33.280000	71.420000	1.000000	5.491211	48.017981
742	0.200000	0.530000	33.340000	80.460000	0.999600	5.439171	48.137517
743	0.200000	0.560000	33.630000	86.550000	1.000000	5.463694	48.037927
744	0.190000	0.500000	32.180000	74.670000	1.000000	5.446703	47.913321
745	0.190000	0.540000	31.770000	86.220000	1.000000	5.444696	48.104447
746	0.190000	0.590000	32.150000	89.910000	1.000000	5.356975	47.935033
747	0.190000	0.520000	32.300000	74.270000	1.000000	5.376493	47.800454
748	0.190000	0.480000	33.220000	59.400000	1.000000	5.431047	47.782287
749	0.190000	0.510000	33.330000	72.620000	1.000000	5.543441	48.171526
750	0.190000	0.560000	33.400000	85.740000	1.000000	5.466688	47.733606
751	0.180000	0.510000	31.820000	76.620000	1.000000	5.463032	47.954998
752	0.200000	0.420000	33.020000	59.230000	1.000000	5.373296	47.914238
753	0.180000	0.570000	30.100000	93.500000	1.000000	5.295155	47.832884
754	0.170000	0.620000	28.410000	104.250000	1.000000	5.309687	47.907678
755	0.170000	0.500000	28.140000	78.630000	1.000000	5.290461	47.769103
756	0.170000	0.560000	28.180000	92.860000	1.000000	5.288236	47.872816
757	0.170000	0.520000	28.210000	82.690000	1.000000	5.288483	47.692453
758	0.160000	0.630000	26.390000	108.390000	1.000000	5.315737	48.336267
759	0.160000	0.620000	25.850000	110.710000	1.000000	5.210431	47.688124
760	0.180000	0.580000	27.220000	91.060000	1.000000	5.186255	47.983163
761	0.170000	0.640000	25.750000	113.010000	0.999600	5.246180	48.071926
762	0.200000	0.630000	27.670000	106.000000	1.000000	5.166529	47.850254
763	0.210000	0.590000	28.860000	98.420000	1.000000	5.159835	47.740994
764	0.210000	0.520000	29.560000	81.560000	1.000000	5.137215	47.578554
765	0.200000	0.600000	28.850000	99.730000	1.000000	5.162246	47.917383
766	0.210000	0.520000	29.970000	84.520000	1.000000	5.215886	47.748114
767	0.210000	0.500000	30.900000	77.610000	1.000000	5.241361	47.882911
768	0.210000	0.530000	31.750000	81.630000	1.000000	5.232245	47.699869
769	0.210000	0.530000	31.220000	85.630000	1.000000	5.328532	48.066369
770	0.210000	0.530000	31.770000	81.390000	0.999600	5.284929	47.729161
771	0.210000	0.580000	32.060000	85.300000	1.000000	5.391443	47.886271
772	0.200000	0.500000	31.400000	76.130000	1.000000	5.373856	47.835171
773	0.200000	0.510000	31.580000	80.040000	1.000000	5.315571	47.756875
774	0.220000	0.490000	34.160000	72.690000	1.000000	5.337052	47.948896
775	0.220000	0.630000	34.830000	96.270000	1.000000	5.329367	47.995842
776	0.200000	0.620000	32.270000	99.000000	1.000000	5.440972	48.054654
777	0.200000	0.570000	32.680000	90.960000	1.000000	5.390155	48.232497
778	0.220000	0.570000	34.000000	89.340000	1.000000	5.352894	47.999271
779	0.220000	0.570000	33.650000	90.290000	1.000000	5.424312	47.864503
780	0.230000	0.580000	35.380000	89.020000	1.000000	5.455138	47.757155
781	0.240000	0.520000	35.770000	70.060000	1.000000	5.452134	48.117410
782	0.220000	0.500000	33.930000	72.510000	1.000000	5.448215	48.108235
783	0.230000	0.450000	35.820000	58.970000	1.000000	5.453201	47.872659
784	0.230000	0.470000	36.710000	56.530000	1.000000	5.524602	48.097655
785	0.230000	0.540000	37.270000	76.520000	1.000000	5.500951	47.797115
786	0.230000	0.520000	38.040000	68.910000	1.000000	5.438907	48.199889
787	0.250000	0.460000	39.100000	59.990000	1.000000	5.477685	48.040618
788	0.240000	0.480000	38.000000	69.390000	1.000000	5.450599	47.635498
789	0.250000	0.510000	38.770000	74.060000	1.000000	5.462839	47.891428
790	0.240000	0.520000	37.310000	75.370000	1.000000	5.499349	48.060838
791	0.240000	0.530000	38.170000	75.000000	0.999600	5.433076	47.665821
792	0.240000	0.530000	38.620000	74.990000	0.999600	5.469990	47.917960
793	0.240000	0.520000	39.810000	68.930000	1.000000	5.548453	48.147050
794	0.230000	0.540000	38.340000	75.000000	1.000000	5.498777	47.782683
795	0.240000	0.570000	40.290000	78.200000	1.000000	5.557737	48.076546
796	0.230000	0.530000	38.910000	73.130000	1.000000	5.573901	48.021615
797	0.220000	0.560000	37.250000	77.400000	1.000000	5.517305	47.810947
798	0.210000	0.520000	35.670000	76.500000	1.000000	5.522178	47.994457
799	0.210000	0.540000	35.810000	73.890000	0.999600	5.513207	48.095668
800	0.200000	0.610000	34.620000	94.190000	1.000000	5.495004	47.876604
801	0.190000	0.600000	33.010000	93.250000	1.000000	5.465023	48.349855
802	0.190000	0.560000	33.260000	86.620000	1.000000	5.428214	47.825542
803	0.180000	0.570000	31.350000	89.780000	1.000000	5.440980	48.198010
804	0.180000	0.510000	31.890000	69.980000	1.000000	5.366731	47.785003
805	0.200000	0.540000	32.820000	78.740000	1.000000	5.387099	48.031220
806	0.190000	0.550000	31.230000	81.020000	1.000000	5.329048	47.954137
807	0.190000	0.500000	30.760000	76.650000	1.000000	5.309851	47.914633
808	0.190000	0.620000	29.970000	101.990000	1.000000	5.312175	47.783614
809	0.180000	0.620000	28.950000	102.230000	1.000000	5.258086	47.778875
810	0.180000	0.600000	29.550000	104.190000	1.000000	5.283118	47.677435
811	0.180000	0.580000	29.430000	97.530000	1.000000	5.234149	47.824453
812	0.180000	0.570000	28.250000	98.190000	1.000000	5.268669	47.546247
813	0.180000	0.450000	28.750000	68.060000	1.000000	5.305469	47.811236
814	0.180000	0.470000	29.340000	70.670000	1.000000	5.329291	47.821703
815	0.180000	0.540000	29.610000	85.310000	1.000000	5.240944	47.929774
816	0.200000	0.510000	30.770000	74.190000	1.000000	5.330613	47.746628
817	0.200000	0.570000	29.200000	90.320000	1.000000	5.356982	47.575386
818	0.200000	0.500000	28.300000	76.150000	1.000000	5.314054	47.609806
819	0.200000	0.530000	28.780000	81.570000	1.000000	5.250724	47.389957
820	0.200000	0.520000	28.250000	85.010000	1.000000	5.295824	47.668846
821	0.200000	0.580000	28.710000	96.920000	1.000000	5.261233	47.791023
822	0.210000	0.540000	29.390000	90.260000	1.000000	5.355967	47.928110
823	0.200000	0.540000	28.330000	89.200000	1.000000	5.360420	47.934181
824	0.200000	0.590000	28.560000	101.060000	1.000000	5.334716	48.156408
825	0.210000	0.550000	30.140000	88.510000	1.000000	5.344626	47.578103
826	0.210000	0.520000	31.140000	78.470000	1.000000	5.425227	47.659331
827	0.210000	0.450000	31.700000	63.260000	1.000000	5.419479	48.191145
828	0.210000	0.540000	32.160000	84.210000	1.000000	5.439754	48.006994
829	0.200000	0.580000	31.440000	89.150000	1.000000	5.451282	47.826225
830	0.190000	0.470000	30.430000	65.250000	1.000000	5.567407	48.446490
831	0.180000	0.480000	29.470000	68.170000	1.000000	5.501865	47.894378
832	0.180000	0.500000	29.370000	75.300000	1.000000	5.383107	47.842275
833	0.200000	0.510000	31.140000	80.100000	1.000000	5.395311	48.050071
834	0.200000	0.510000	31.780000	82.980000	1.000000	5.287998	47.604052
835	0.200000	0.390000	32.320000	50.590000	1.000000	5.325449	47.866007
836	0.200000	0.520000	33.170000	81.000000	1.000000	5.418495	48.054654
837	0.190000	0.480000	31.770000	72.600000	0.999200	5.396209	47.865831
838	0.190000	0.440000	31.540000	59.870000	1.000000	5.440085	48.029523
839	0.190000	0.560000	31.940000	88.120000	1.000000	5.415766	47.984862
840	0.190000	0.500000	30.880000	77.400000	1.000000	5.328256	47.869429
841	0.180000	0.530000	29.270000	87.190000	1.000000	5.280056	47.840379
842	0.170000	0.510000	27.720000	83.460000	1.000000	5.302723	47.667250
843	0.170000	0.550000	28.230000	90.530000	1.000000	5.297441	47.424828
844	0.190000	0.530000	29.190000	84.060000	1.000000	5.303264	47.793513
845	0.190000	0.540000	29.660000	85.130000	1.000000	5.291443	47.568281
846	0.200000	0.560000	30.990000	88.910000	1.000000	5.339887	47.800114
847	0.190000	0.510000	29.910000	78.160000	1.000000	5.409727	47.587886
848	0.190000	0.570000	30.040000	90.370000	1.000000	5.370915	47.813185
849	0.190000	0.520000	30.480000	77.100000	1.000000	5.250607	47.828025
850	0.190000	0.440000	31.360000	64.170000	1.000000	5.191545	47.701490
851	0.190000	0.560000	32.060000	83.030000	1.000000	5.259224	47.548338
852	0.190000	0.530000	32.250000	76.590000	1.000000	5.322377	47.886422
853	0.190000	0.580000	32.460000	92.710000	1.000000	5.342625	47.664736
854	0.190000	0.570000	32.540000	88.740000	1.000000	5.409990	48.306975
855	0.190000	0.540000	32.640000	79.940000	0.999600	5.419071	48.128917
856	0.190000	0.560000	32.610000	82.690000	1.000000	5.434664	48.053287
857	0.190000	0.540000	32.800000	81.140000	1.000000	5.443592	47.893249
858	0.200000	0.540000	34.270000	83.480000	1.000000	5.532677	48.063220
859	0.190000	0.540000	32.590000	83.210000	0.999600	5.578913	47.957300
860	0.190000	0.550000	32.750000	75.610000	1.000000	5.533131	47.660668
861	0.200000	0.590000	33.490000	93.310000	1.000000	5.465129	47.899262
862	0.200000	0.510000	33.760000	74.700000	1.000000	5.486791	47.883623
863	0.190000	0.540000	32.240000	82.930000	1.000000	5.590705	47.957001
864	0.190000	0.520000	32.300000	78.950000	0.999600	5.480179	47.932063
865	0.200000	0.500000	32.720000	74.800000	0.999600	5.501063	47.586813
866	0.200000	0.560000	33.630000	83.510000	1.000000	5.512244	47.595610
867	0.190000	0.630000	33.150000	98.410000	1.000000	5.450214	47.785144
868	0.200000	0.570000	33.980000	81.760000	1.000000	5.518043	47.961156
869	0.200000	0.500000	34.450000	72.230000	1.000000	5.512071	48.141618
870	0.190000	0.620000	32.520000	94.740000	1.000000	5.400489	47.921902
871	0.210000	0.530000	32.770000	85.750000	1.000000	5.389307	48.027418
872	0.210000	0.490000	33.280000	73.330000	1.000000	5.415163	48.141210
873	0.200000	0.540000	32.040000	84.380000	1.000000	5.408179	47.662166
874	0.190000	0.550000	29.770000	90.880000	1.000000	5.389691	48.004876
875	0.170000	0.510000	26.130000	84.250000	1.000000	5.390530	48.295537
876	0.180000	0.550000	26.170000	93.650000	1.000000	5.353851	47.763319
877	0.180000	0.570000	26.940000	97.140000	1.000000	5.246117	48.029004
878	0.170000	0.500000	25.650000	76.790000	1.000000	5.233793	47.662130
879	0.170000	0.490000	26.140000	78.710000	1.000000	5.229247	47.923774
880	0.170000	0.580000	26.700000	96.940000	1.000000	5.240518	47.780917
881	0.170000	0.530000	27.620000	82.130000	1.000000	5.305990	47.625332
882	0.180000	0.440000	28.490000	64.790000	1.000000	5.318073	47.529334
883	0.180000	0.580000	29.300000	92.560000	1.000000	5.267995	47.696064
884	0.180000	0.610000	29.600000	99.460000	1.000000	5.311029	48.065165
885	0.160000	0.520000	26.590000	85.680000	1.000000	5.362555	48.008097
886	0.160000	0.520000	27.200000	84.490000	1.000000	5.214960	47.534240
887	0.150000	0.590000	25.060000	102.350000	1.000000	5.232980	47.956801
888	0.160000	0.590000	25.940000	100.130000	1.000000	5.243814	47.979585
889	0.160000	0.590000	24.490000	101.300000	1.000000	5.291390	47.768784
890	0.150000	0.620000	24.230000	105.580000	1.000000	5.158759	48.016115
891	0.160000	0.560000	25.600000	96.310000	1.000000	5.144326	47.888314
892	0.160000	0.540000	24.370000	87.640000	1.000000	5.112199	47.510600
893	0.150000	0.610000	22.790000	104.440000	1.000000	5.131748	48.076029
894	0.160000	0.600000	23.360000	101.910000	1.000000	5.071038	47.751436
895	0.170000	0.580000	24.100000	98.070000	1.000000	5.057482	47.560028
896	0.160000	0.600000	22.830000	106.330000	1.000000	5.117312	47.619366
897	0.150000	0.570000	22.160000	104.450000	1.000000	5.104835	47.599625
898	0.140000	0.560000	21.160000	100.320000	1.000000	5.130180	47.480547
899	0.150000	0.560000	22.040000	101.990000	1.000000	5.081061	47.422824
900	0.160000	0.590000	22.870000	107.170000	1.000000	5.113437	47.659298
901	0.160000	0.600000	21.760000	104.190000	1.000000	5.111377	47.979601
902	0.160000	0.570000	22.520000	92.270000	1.000000	5.128239	47.657904
903	0.160000	0.580000	23.370000	95.530000	1.000000	5.242064	47.897067
904	0.160000	0.560000	24.140000	95.750000	0.999600	5.246060	47.773216
905	0.160000	0.520000	24.490000	82.000000	1.000000	5.196736	47.659748
906	0.160000	0.500000	25.080000	80.680000	1.000000	5.228671	47.766116
907	0.160000	0.580000	25.420000	94.830000	1.000000	5.147951	47.538565
908	0.160000	0.530000	25.680000	85.450000	1.000000	5.168327	47.918735
909	0.150000	0.530000	25.320000	88.040000	1.000000	5.260103	47.670129
910	0.160000	0.540000	26.240000	88.550000	1.000000	5.182025	47.597595
911	0.160000	0.570000	26.160000	95.800000	1.000000	5.237064	47.589112
912	0.150000	0.570000	25.110000	96.750000	1.000000	5.285530	47.927796
913	0.160000	0.530000	26.580000	89.380000	1.000000	5.296261	47.919924
914	0.150000	0.490000	25.370000	75.870000	1.000000	5.322322	47.973869
915	0.140000	0.610000	23.170000	109.310000	1.000000	5.249949	47.808406
916	0.150000	0.540000	24.350000	92.160000	1.000000	5.236608	47.720765
917	0.160000	0.590000	25.210000	100.230000	1.000000	5.246804	47.639397
918	0.160000	0.510000	25.150000	80.370000	1.000000	5.278612	47.862059
919	0.150000	0.510000	23.950000	84.600000	1.000000	5.231589	47.774101
920	0.150000	0.620000	24.310000	105.330000	1.000000	5.249008	47.742318
921	0.150000	0.590000	24.680000	104.160000	1.000000	5.324174	47.734016
922	0.150000	0.470000	24.710000	77.700000	1.000000	5.300017	47.929357
923	0.160000	0.580000	25.240000	99.240000	1.000000	5.223128	47.812247
924	0.160000	0.590000	24.530000	100.010000	1.000000	5.174438	47.434150
925	0.160000	0.580000	25.010000	97.890000	1.000000	5.163738	47.647295
926	0.160000	0.480000	25.640000	75.540000	1.000000	5.196428	47.827255
927	0.160000	0.530000	25.430000	85.840000	1.000000	5.268053	47.691604
928	0.170000	0.540000	26.610000	87.850000	1.000000	5.240417	47.536177
929	0.180000	0.600000	27.180000	92.490000	1.000000	5.206574	47.333589
930	0.180000	0.450000	26.230000	67.060000	1.000000	5.212133	47.581149
931	0.170000	0.500000	24.960000	82.800000	1.000000	5.167412	47.489660
932	0.180000	0.480000	26.120000	75.770000	1.000000	5.239136	47.860887
933	0.180000	0.510000	26.990000	82.220000	1.000000	5.269661	47.838567
934	0.190000	0.460000	27.750000	70.420000	1.000000	5.268311	47.878650
935	0.190000	0.490000	28.480000	76.400000	1.000000	5.276087	48.217778
936	0.190000	0.560000	29.260000	88.760000	1.000000	5.303134	47.816867
937	0.190000	0.520000	29.870000	81.480000	1.000000	5.384773	47.907429
938	0.190000	0.450000	30.670000	68.970000	1.000000	5.360150	47.768252
939	0.190000	0.500000	30.860000	76.800000	1.000000	5.324706	48.014372
940	0.190000	0.540000	31.380000	84.440000	0.999600	5.308745	47.520861
941	0.190000	0.490000	29.950000	75.400000	1.000000	5.249311	47.517897
942	0.180000	0.470000	29.100000	69.570000	1.000000	5.254988	47.869602
943	0.180000	0.550000	29.990000	84.340000	1.000000	5.293259	48.136883
944	0.180000	0.520000	29.900000	74.510000	1.000000	5.243160	47.654143
945	0.180000	0.550000	30.400000	81.850000	1.000000	5.224503	47.641018
946	0.180000	0.550000	30.970000	90.380000	1.000000	5.287845	47.470881
947	0.190000	0.600000	31.890000	97.940000	1.000000	5.240750	47.601422
948	0.190000	0.560000	32.200000	84.610000	1.000000	5.261879	47.780757
949	0.170000	0.530000	28.710000	80.970000	1.000000	5.371081	48.135330
950	0.170000	0.510000	28.770000	80.170000	1.000000	5.343127	48.048015
951	0.170000	0.460000	28.860000	67.920000	1.000000	5.379160	47.837059
952	0.170000	0.470000	28.780000	71.350000	0.999200	5.306167	47.828907
953	0.170000	0.610000	29.300000	98.550000	1.000000	5.250669	47.749838
954	0.170000	0.500000	29.590000	77.410000	1.000000	5.330133	47.768505
955	0.170000	0.550000	29.650000	81.260000	1.000000	5.334942	47.800476
956	0.170000	0.490000	29.920000	71.700000	1.000000	5.317853	47.855462
957	0.170000	0.490000	30.330000	71.830000	1.000000	5.323524	47.866715
958	0.180000	0.540000	31.280000	85.150000	1.000000	5.249204	47.571005
959	0.180000	0.520000	31.540000	83.880000	1.000000	5.338942	47.659185
960	0.160000	0.520000	27.020000	88.990000	1.000000	5.279490	47.790137
961	0.170000	0.480000	27.760000	74.300000	1.000000	5.302368	48.044260
962	0.200000	0.470000	30.010000	69.650000	1.000000	5.326077	48.341859
963	0.210000	0.500000	30.680000	73.620000	1.000000	5.236247	47.961377
964	0.210000	0.550000	31.310000	85.340000	1.000000	5.288649	48.109134
965	0.200000	0.600000	30.120000	95.030000	1.000000	5.181705	47.628085
966	0.200000	0.610000	31.050000	96.660000	1.000000	5.303584	47.903998
967	0.210000	0.550000	31.500000	86.650000	1.000000	5.258655	47.927090
968	0.200000	0.650000	30.610000	110.110000	1.000000	5.303183	47.734322
969	0.210000	0.570000	31.520000	89.400000	1.000000	5.296092	47.770421
970	0.220000	0.540000	32.560000	79.150000	1.000000	5.323811	47.706638
971	0.220000	0.540000	33.430000	78.300000	1.000000	5.323282	48.040589
972	0.220000	0.450000	34.040000	59.030000	1.000000	5.354024	48.000368
973	0.220000	0.420000	34.550000	55.340000	1.000000	5.335337	48.017417
974	0.220000	0.490000	34.190000	69.140000	1.000000	5.458895	47.805801
975	0.200000	0.630000	31.690000	102.470000	1.000000	5.384813	48.044235
976	0.190000	0.560000	30.910000	93.640000	1.000000	5.412310	47.910905
977	0.190000	0.520000	31.050000	79.800000	1.000000	5.427806	47.923526
978	0.190000	0.490000	31.740000	71.570000	1.000000	5.437168	48.358816
979	0.190000	0.520000	32.250000	80.960000	1.000000	5.355866	47.768207
980	0.200000	0.510000	32.850000	72.800000	0.999600	5.351529	47.663270
981	0.190000	0.520000	31.410000	79.340000	1.000000	5.359558	47.573899
982	0.190000	0.460000	32.030000	67.350000	1.000000	5.429490	48.269397
983	0.190000	0.540000	32.870000	83.460000	0.999600	5.471767	47.978985
984	0.200000	0.570000	33.510000	88.110000	1.000000	5.431885	47.662144
985	0.190000	0.540000	31.780000	82.680000	1.000000	5.491142	47.803047
986	0.190000	0.510000	31.500000	74.910000	1.000000	5.438586	48.372247
987	0.190000	0.480000	32.530000	67.800000	1.000000	5.400268	47.827375
988	0.190000	0.490000	32.520000	73.680000	1.000000	5.365347	47.820853
989	0.190000	0.580000	32.440000	89.100000	1.000000	5.356500	47.685032
990	0.170000	0.570000	28.700000	89.370000	1.000000	5.340829	47.675882
991	0.180000	0.460000	30.400000	64.690000	1.000000	5.327897	47.686458
992	0.180000	0.550000	29.350000	86.850000	1.000000	5.413786	47.621912
993	0.180000	0.650000	29.290000	109.600000	1.000000	5.378036	47.741234
994	0.170000	0.500000	27.390000	78.840000	1.000000	5.254800	47.428340
995	0.160000	0.560000	26.450000	95.310000	1.000000	5.231774	47.856891
996	0.160000	0.540000	26.950000	83.770000	1.000000	5.197899	47.638869
997	0.140000	0.560000	23.530000	95.570000	1.000000	5.161353	48.101775
998	0.170000	0.540000	24.770000	91.280000	1.000000	5.107107	47.730768
999	0.170000	0.480000	25.580000	71.890000	1.000000	5.133569	47.767406
