0	0.120000	0.960000	5.080000	162.160000	0.999200	3.739313	44.626013
1	0.190000	0.950000	8.970000	155.590000	0.999600	3.774133	44.994626
2	0.250000	0.960000	13.700000	153.100000	0.998000	3.825489	45.198711
3	0.270000	0.950000	16.830000	149.570000	0.999200	3.864197	44.891872
4	0.300000	0.950000	20.880000	143.620000	0.999600	3.927882	45.289181
5	0.390000	0.940000	26.710000	137.580000	0.999600	3.972195	45.121207
6	0.410000	0.900000	30.920000	127.200000	0.998400	3.989761	45.051025
7	0.450000	0.940000	35.640000	129.510000	0.998400	4.092897	45.761862
8	0.510000	0.930000	42.570000	120.870000	0.998400	4.125602	45.708746
9	0.550000	0.870000	48.460000	105.230000	0.997600	4.208119	45.779218
10	0.570000	0.850000	53.530000	95.390000	0.998000	4.293680	46.176669
11	0.620000	0.830000	60.540000	86.180000	0.997600	4.341789	46.070868
12	0.640000	0.820000	65.870000	79.320000	0.996800	4.420332	46.328780
13	0.670000	0.760000	71.360000	62.420000	0.996400	4.496501	46.212168
14	0.710000	0.770000	77.060000	58.260000	0.996000	4.596582	46.228035
15	0.740000	0.710000	82.340000	43.740000	0.997200	4.661622	46.907779
16	0.740000	0.720000	84.880000	44.620000	0.995200	4.781866	46.951031
17	0.770000	0.690000	90.130000	31.610000	0.996000	4.797869	47.127519
18	0.770000	0.620000	93.690000	15.650000	0.993600	4.889023	47.018303
19	0.780000	0.660000	97.360000	20.760000	0.993600	4.888241	46.740542
20	0.810000	0.740000	102.140000	32.310000	0.995200	4.984667	46.909068
21	0.820000	0.650000	104.270000	12.610000	0.993600	5.018211	47.185453
22	0.840000	0.540000	108.070000	-10.260000	0.992400	5.066599	47.313032
23	0.840000	0.530000	111.620000	-15.840000	0.991200	5.157507	47.189803
24	0.850000	0.520000	115.380000	-21.080000	0.989200	5.283131	47.446790
25	0.840000	0.550000	117.300000	-17.550000	0.986800	5.380358	47.517215
26	0.850000	0.550000	120.600000	-19.900000	0.984000	5.365059	47.721335
27	0.870000	0.540000	124.680000	-25.050000	0.984800	5.481100	47.947683
28	0.880000	0.490000	127.150000	-36.710000	0.987600	5.521842	48.102917
29	0.870000	0.440000	128.180000	-47.430000	0.985600	5.554623	47.948371
30	0.880000	0.490000	130.450000	-39.630000	0.988000	5.602787	48.139954
31	0.880000	0.460000	130.870000	-45.220000	0.990000	5.637435	47.932323
32	0.890000	0.480000	133.710000	-44.130000	0.987600	5.603568	48.116957
33	0.890000	0.480000	135.510000	-45.500000	0.982000	5.611460	48.188554
34	0.890000	0.380000	134.300000	-63.410000	0.984800	5.627975	48.079174
35	0.910000	0.400000	136.830000	-62.210000	0.987200	5.685182	48.217092
36	0.910000	0.360000	137.150000	-69.150000	0.984400	5.728573	47.888988
37	0.920000	0.440000	138.220000	-54.950000	0.981600	5.794138	48.126781
38	0.940000	0.460000	139.470000	-52.890000	0.983200	5.803470	48.240854
39	0.950000	0.420000	141.400000	-62.050000	0.979600	5.754932	48.268796
40	0.960000	0.360000	143.750000	-76.510000	0.978000	5.840612	48.259983
41	0.960000	0.400000	145.370000	-69.930000	0.978400	5.889404	48.325241
42	0.960000	0.400000	146.410000	-70.710000	0.984400	5.873246	48.128771
43	0.960000	0.340000	147.760000	-83.440000	0.983200	5.879579	48.275150
44	0.960000	0.420000	148.810000	-69.100000	0.982800	5.890492	48.358863
45	0.960000	0.390000	149.320000	-75.120000	0.982000	5.874045	48.440731
46	0.950000	0.400000	148.140000	-71.640000	0.983600	5.875105	48.243945
47	0.950000	0.380000	149.080000	-76.270000	0.984800	5.920756	48.449786
48	0.940000	0.350000	148.610000	-82.150000	0.984000	5.969017	48.123780
49	0.940000	0.420000	149.230000	-69.140000	0.982400	5.981683	48.355777
50	0.950000	0.380000	150.420000	-77.970000	0.980800	5.929712	48.494094
51	0.940000	0.360000	149.370000	-80.450000	0.980400	5.937986	48.561391
52	0.950000	0.440000	150.540000	-66.590000	0.982400	5.951815	48.360719
53	0.960000	0.430000	151.350000	-68.640000	0.982000	5.970825	48.654062
54	0.950000	0.330000	149.850000	-86.770000	0.981600	5.955877	48.696941
55	0.940000	0.340000	148.840000	-83.410000	0.981200	5.887992	48.501795
56	0.930000	0.340000	147.570000	-81.580000	0.986400	5.920963	48.624000
57	0.930000	0.370000	148.260000	-77.380000	0.982400	5.943621	48.144377
58	0.920000	0.360000	147.200000	-78.760000	0.983200	5.899340	48.616401
59	0.930000	0.360000	149.240000	-80.320000	0.979600	5.939633	48.246189
60	0.930000	0.380000	149.630000	-78.380000	0.974400	5.931089	48.248180
61	0.920000	0.320000	147.250000	-87.250000	0.978800	5.915096	48.317824
62	0.920000	0.270000	145.760000	-95.790000	0.976800	5.938786	48.606284
63	0.940000	0.330000	147.570000	-86.840000	0.980400	5.939485	48.564709
64	0.940000	0.300000	148.170000	-91.630000	0.982000	5.930998	48.304939
65	0.950000	0.340000	150.110000	-85.500000	0.986800	5.947863	48.208065
66	0.950000	0.380000	151.070000	-78.470000	0.980000	5.954134	48.228400
67	0.940000	0.370000	151.040000	-80.290000	0.983200	6.006930	48.194528
68	0.930000	0.320000	149.290000	-87.480000	0.978000	6.087093	48.408026
69	0.930000	0.350000	149.000000	-80.950000	0.980400	6.014885	48.251962
70	0.930000	0.340000	148.160000	-83.000000	0.977600	6.024073	48.492449
71	0.930000	0.340000	147.960000	-82.210000	0.976400	6.029683	48.671919
72	0.930000	0.340000	146.280000	-81.310000	0.980800	5.981291	48.474555
73	0.930000	0.320000	146.530000	-85.900000	0.981200	5.965887	48.678977
74	0.930000	0.340000	147.710000	-83.150000	0.978000	5.995532	48.497047
75	0.950000	0.360000	148.390000	-79.840000	0.981200	5.940853	48.373311
76	0.950000	0.390000	149.290000	-74.460000	0.980000	5.980688	48.480917
77	0.960000	0.330000	149.430000	-86.300000	0.982000	5.957079	48.336888
78	0.940000	0.310000	147.140000	-87.550000	0.978000	5.944851	48.494057
79	0.950000	0.350000	149.200000	-82.650000	0.978400	5.952898	48.548752
80	0.950000	0.360000	150.430000	-82.210000	0.975200	5.968826	48.786822
81	0.940000	0.310000	148.750000	-89.200000	0.978800	5.973395	48.369844
82	0.930000	0.310000	147.950000	-88.780000	0.980400	5.948077	48.613411
83	0.950000	0.310000	150.640000	-92.120000	0.980400	5.934705	48.555764
84	0.950000	0.410000	151.230000	-73.400000	0.983600	5.905914	48.406826
85	0.950000	0.350000	150.770000	-84.680000	0.983200	5.902474	48.222620
86	0.950000	0.370000	151.250000	-80.940000	0.981200	5.928583	48.376618
87	0.920000	0.330000	146.920000	-84.870000	0.976800	5.935855	48.584747
88	0.920000	0.380000	147.140000	-75.020000	0.977200	5.865460	48.980418
89	0.920000	0.430000	147.050000	-66.060000	0.979600	5.815163	48.630492
90	0.930000	0.320000	148.610000	-88.140000	0.980000	5.829588	48.348161
91	0.940000	0.360000	149.750000	-80.830000	0.978800	5.834237	48.288097
92	0.930000	0.330000	148.110000	-85.530000	0.976800	5.830524	48.695932
93	0.940000	0.360000	147.900000	-79.390000	0.977200	5.877698	48.701879
94	0.940000	0.370000	148.680000	-78.580000	0.978800	5.912292	48.668399
95	0.940000	0.340000	148.130000	-83.900000	0.977600	5.893394	48.470468
96	0.940000	0.350000	147.540000	-80.780000	0.983600	5.878531	48.338554
97	0.950000	0.300000	148.960000	-92.590000	0.981600	5.885626	48.521456
98	0.950000	0.340000	148.560000	-84.370000	0.975200	5.896351	48.584787
99	0.940000	0.310000	147.960000	-90.030000	0.978800	5.891737	48.485370
100	0.950000	0.310000	148.480000	-89.980000	0.976800	5.909049	48.497818
101	0.960000	0.350000	150.580000	-84.440000	0.976800	5.945056	48.523109
102	0.960000	0.380000	151.030000	-79.430000	0.978800	5.978813	48.451121
103	0.950000	0.390000	150.220000	-76.290000	0.982000	5.940414	48.347644
104	0.960000	0.410000	151.560000	-73.380000	0.980800	5.949740	48.361205
105	0.960000	0.390000	151.670000	-77.810000	0.982400	5.983901	48.174856
106	0.960000	0.450000	152.190000	-66.070000	0.974000	6.009743	48.737080
107	0.960000	0.430000	152.780000	-70.700000	0.977200	6.057021	48.330647
108	0.960000	0.380000	153.360000	-80.810000	0.976800	6.035677	48.549919
109	0.960000	0.310000	153.720000	-94.710000	0.981600	6.012927	48.236924
110	0.950000	0.280000	152.580000	-99.310000	0.980400	6.080436	48.138865
111	0.950000	0.350000	152.090000	-85.030000	0.980000	6.023442	48.498755
112	0.940000	0.370000	150.150000	-79.450000	0.978800	6.045229	48.288966
113	0.960000	0.280000	152.600000	-98.710000	0.978800	6.115819	48.236108
114	0.960000	0.290000	153.020000	-97.340000	0.977600	6.097938	48.498543
115	0.960000	0.290000	154.590000	-99.860000	0.980000	6.092249	48.563655
116	0.950000	0.300000	153.310000	-95.490000	0.977600	6.092225	48.587735
117	0.950000	0.380000	153.410000	-80.890000	0.982000	6.083438	48.662078
118	0.960000	0.330000	153.740000	-90.660000	0.985200	6.030956	48.663265
119	0.940000	0.300000	150.420000	-92.820000	0.980800	6.015607	48.809837
120	0.940000	0.360000	150.810000	-81.930000	0.975600	6.027845	48.820710
121	0.940000	0.360000	151.180000	-82.470000	0.978400	6.029265	48.680077
122	0.940000	0.370000	151.390000	-81.060000	0.976800	5.947425	48.406531
123	0.930000	0.400000	149.280000	-72.960000	0.976000	5.959299	48.377874
124	0.940000	0.420000	150.410000	-70.410000	0.978800	5.958772	48.954524
125	0.930000	0.360000	149.000000	-79.890000	0.982800	5.978574	48.549564
126	0.920000	0.390000	147.820000	-73.560000	0.976400	6.026611	48.876399
127	0.930000	0.360000	148.400000	-80.390000	0.982400	5.968844	48.284672
128	0.930000	0.490000	149.510000	-55.620000	0.980400	5.962000	48.502121
129	0.930000	0.480000	148.390000	-58.570000	0.980800	5.912567	48.579137
130	0.920000	0.420000	147.080000	-67.410000	0.976000	5.936643	48.379258
131	0.930000	0.380000	148.060000	-75.590000	0.978400	5.910694	48.681377
132	0.930000	0.310000	147.320000	-89.610000	0.984800	5.886145	48.795566
133	0.940000	0.310000	148.780000	-90.970000	0.979600	5.888776	48.397424
134	0.930000	0.350000	147.100000	-80.120000	0.977200	5.939743	48.669246
135	0.940000	0.380000	149.010000	-76.820000	0.983600	5.944135	48.408590
136	0.940000	0.450000	150.030000	-64.600000	0.980400	5.941890	48.231330
137	0.920000	0.390000	145.520000	-70.750000	0.978800	5.967248	48.337363
138	0.930000	0.420000	146.380000	-66.520000	0.985200	5.919519	48.085460
139	0.930000	0.350000	146.140000	-79.520000	0.980800	5.933868	48.472767
140	0.940000	0.370000	147.860000	-77.620000	0.979200	5.969982	48.390324
141	0.940000	0.420000	149.030000	-69.460000	0.978400	5.954134	48.602977
142	0.940000	0.420000	148.190000	-69.030000	0.981200	5.960014	48.395902
143	0.940000	0.330000	148.420000	-86.020000	0.980400	5.965746	48.569205
144	0.930000	0.290000	147.120000	-92.400000	0.975600	6.031084	48.434570
145	0.950000	0.340000	148.050000	-83.450000	0.982000	6.003611	48.129720
146	0.960000	0.360000	149.050000	-80.300000	0.979600	5.967021	48.457736
147	0.950000	0.360000	148.530000	-79.320000	0.981600	5.944014	48.221393
148	0.950000	0.330000	149.410000	-86.470000	0.980400	5.968606	48.468640
149	0.950000	0.290000	149.470000	-94.760000	0.982400	5.949643	48.031266
150	0.960000	0.330000	151.520000	-88.630000	0.983600	5.982292	48.479981
151	0.970000	0.380000	151.950000	-79.150000	0.983600	6.007778	48.080931
152	0.960000	0.420000	150.040000	-69.960000	0.984000	5.976618	48.038604
153	0.960000	0.410000	150.460000	-71.750000	0.980800	6.022236	48.220705
154	0.960000	0.390000	149.980000	-74.930000	0.981600	6.004196	48.244170
155	0.960000	0.420000	150.650000	-70.760000	0.980000	6.000717	48.466526
156	0.960000	0.390000	151.130000	-77.500000	0.979600	6.031087	48.328300
157	0.970000	0.460000	151.510000	-64.020000	0.979200	6.016143	48.330476
158	0.950000	0.370000	149.080000	-78.980000	0.980400	6.028558	48.789464
159	0.960000	0.410000	149.870000	-72.000000	0.982000	6.016044	48.597308
160	0.970000	0.390000	151.060000	-76.800000	0.981200	5.954545	48.400824
161	0.960000	0.360000	149.400000	-80.850000	0.980000	5.983404	48.531591
162	0.960000	0.340000	150.290000	-85.450000	0.984000	5.992391	48.451968
163	0.940000	0.370000	148.400000	-77.540000	0.983200	6.017701	48.276111
164	0.940000	0.360000	147.880000	-79.120000	0.980000	5.987597	48.061365
165	0.930000	0.370000	147.080000	-76.550000	0.980400	5.978139	48.321153
166	0.910000	0.400000	144.310000	-68.250000	0.982000	5.963407	48.253961
167	0.910000	0.420000	144.150000	-64.410000	0.980400	5.929487	48.305276
168	0.900000	0.450000	143.610000	-57.870000	0.982400	5.917213	48.539953
169	0.900000	0.450000	143.350000	-57.170000	0.984800	5.888044	48.168707
170	0.900000	0.480000	142.250000	-49.330000	0.986400	5.883428	48.228850
171	0.900000	0.460000	142.080000	-54.410000	0.983600	5.885660	48.531265
172	0.880000	0.480000	138.710000	-47.420000	0.981600	5.883274	48.461497
173	0.900000	0.420000	140.760000	-60.970000	0.981200	5.844403	48.146285
174	0.910000	0.470000	142.330000	-53.830000	0.979600	5.869920	48.236767
175	0.910000	0.440000	142.720000	-59.940000	0.982400	5.866872	48.099776
176	0.900000	0.420000	141.530000	-62.960000	0.980400	5.921619	48.034736
177	0.900000	0.410000	142.020000	-65.080000	0.980000	5.920613	48.148265
178	0.890000	0.420000	141.490000	-61.700000	0.984400	5.922636	48.040938
179	0.870000	0.400000	138.890000	-62.420000	0.979200	5.886725	48.105089
180	0.860000	0.410000	138.310000	-60.380000	0.980800	5.857161	47.865747
181	0.880000	0.400000	139.650000	-63.050000	0.978000	5.887623	48.205540
182	0.890000	0.410000	139.450000	-61.180000	0.979200	5.882579	48.139646
183	0.890000	0.380000	139.940000	-67.770000	0.984800	5.872680	48.077522
184	0.910000	0.380000	141.460000	-69.630000	0.983600	5.829837	48.123766
185	0.930000	0.340000	143.650000	-79.880000	0.980800	5.896606	48.073265
186	0.910000	0.340000	140.820000	-76.240000	0.983600	5.904898	48.117867
187	0.910000	0.320000	140.880000	-80.210000	0.980400	5.913346	48.179072
188	0.910000	0.390000	141.310000	-68.600000	0.985600	5.911494	48.399393
189	0.920000	0.430000	143.280000	-62.460000	0.984800	5.884811	48.441302
190	0.910000	0.440000	142.300000	-57.870000	0.984800	5.860735	48.216278
191	0.930000	0.390000	144.340000	-70.880000	0.982800	5.907554	48.232020
192	0.930000	0.420000	145.290000	-66.240000	0.984800	5.907611	48.272398
193	0.920000	0.410000	144.480000	-67.310000	0.982800	5.891202	48.183263
194	0.910000	0.390000	142.280000	-68.470000	0.982400	5.883665	48.719976
195	0.920000	0.480000	142.750000	-52.730000	0.979600	5.885909	48.199538
196	0.920000	0.380000	143.280000	-71.330000	0.985200	5.851632	48.133509
197	0.920000	0.490000	144.410000	-51.860000	0.983200	5.867388	48.149135
198	0.910000	0.410000	143.530000	-66.080000	0.980800	5.865464	48.017131
199	0.920000	0.420000	145.260000	-66.180000	0.980800	5.873691	48.233071
200	0.920000	0.440000	143.570000	-61.000000	0.977600	5.905709	48.316803
201	0.930000	0.450000	144.790000	-59.350000	0.977600	5.893585	48.224724
202	0.930000	0.490000	145.580000	-52.780000	0.978000	5.890938	48.518533
203	0.930000	0.480000	146.300000	-54.630000	0.982000	5.907063	48.447745
204	0.930000	0.470000	146.970000	-57.660000	0.980000	5.908183	48.396594
205	0.930000	0.490000	148.360000	-55.640000	0.980400	5.966266	48.471193
206	0.920000	0.410000	147.590000	-68.620000	0.978800	5.975062	48.529453
207	0.930000	0.400000	148.660000	-71.630000	0.977600	5.957469	48.449456
208	0.930000	0.400000	147.680000	-71.530000	0.981600	5.988282	48.558139
209	0.930000	0.400000	147.390000	-71.070000	0.978800	5.942519	48.059199
210	0.920000	0.380000	145.900000	-74.190000	0.978800	5.943363	48.435029
211	0.920000	0.410000	145.380000	-68.860000	0.978800	5.915576	48.543905
212	0.930000	0.330000	145.750000	-84.510000	0.979600	5.905082	48.195371
213	0.940000	0.390000	148.530000	-74.960000	0.978400	5.948294	48.502199
214	0.940000	0.400000	149.470000	-73.570000	0.979600	5.933947	48.194768
215	0.940000	0.360000	147.920000	-79.740000	0.978400	5.970803	48.332923
216	0.940000	0.390000	147.750000	-74.810000	0.980400	5.983967	48.228012
217	0.940000	0.360000	146.970000	-80.140000	0.979600	5.946187	48.239879
218	0.930000	0.370000	146.570000	-77.160000	0.982800	5.966493	48.330194
219	0.930000	0.450000	147.730000	-62.640000	0.982800	5.942766	48.224441
220	0.930000	0.430000	147.960000	-66.140000	0.984000	5.956566	48.084291
221	0.930000	0.360000	148.450000	-80.980000	0.980400	5.954138	48.302590
222	0.940000	0.350000	148.890000	-82.590000	0.978400	5.949320	48.299542
223	0.930000	0.330000	147.680000	-85.910000	0.978000	5.917788	48.271615
224	0.930000	0.330000	148.700000	-86.840000	0.978800	5.933868	48.201779
225	0.920000	0.370000	147.120000	-76.950000	0.980000	5.957359	48.030058
226	0.920000	0.400000	146.520000	-70.170000	0.982000	5.937713	48.091512
227	0.910000	0.340000	146.060000	-81.520000	0.982800	5.935967	48.314654
228	0.910000	0.410000	145.990000	-68.750000	0.983600	5.892925	47.967796
229	0.900000	0.400000	144.540000	-68.330000	0.980400	5.933895	48.575524
230	0.920000	0.380000	144.930000	-73.540000	0.984400	5.889450	48.272034
231	0.920000	0.380000	145.260000	-74.120000	0.981600	5.899287	48.399837
232	0.910000	0.310000	144.830000	-86.840000	0.982000	5.848659	48.256084
233	0.910000	0.360000	145.830000	-77.200000	0.984000	5.874977	48.373380
234	0.910000	0.360000	146.620000	-78.330000	0.982400	5.922267	48.496889
235	0.890000	0.390000	143.320000	-69.040000	0.978400	5.876699	48.374409
236	0.890000	0.440000	142.980000	-59.330000	0.982000	5.845204	48.584951
237	0.890000	0.410000	142.760000	-65.350000	0.981200	5.840282	48.401953
238	0.890000	0.410000	142.820000	-65.700000	0.980400	5.801620	48.287769
239	0.900000	0.410000	142.670000	-64.130000	0.976800	5.842568	48.399622
240	0.890000	0.400000	141.860000	-65.880000	0.981200	5.836711	48.149736
241	0.910000	0.440000	143.310000	-59.610000	0.978000	5.832136	48.210773
242	0.920000	0.420000	143.890000	-64.450000	0.982800	5.848345	47.839314
243	0.920000	0.410000	144.360000	-66.370000	0.980800	5.853989	48.239395
244	0.920000	0.400000	145.260000	-68.530000	0.981200	5.842754	48.124942
245	0.930000	0.350000	146.390000	-79.260000	0.979600	5.842017	48.463997
246	0.930000	0.370000	147.450000	-76.930000	0.978800	5.879574	48.346581
247	0.930000	0.430000	147.740000	-65.420000	0.976400	5.855528	48.203382
248	0.900000	0.370000	143.470000	-72.310000	0.979600	5.864969	48.287530
249	0.920000	0.340000	145.510000	-80.490000	0.976800	5.841632	48.424538
250	0.920000	0.390000	145.920000	-71.300000	0.983600	5.854103	48.110889
251	0.930000	0.330000	146.790000	-84.200000	0.980000	5.856385	48.238896
252	0.930000	0.340000	147.370000	-82.970000	0.980000	5.917961	48.244501
253	0.950000	0.340000	149.300000	-84.030000	0.982400	5.887912	48.531309
254	0.940000	0.310000	149.000000	-89.900000	0.983600	5.870710	48.157428
255	0.950000	0.370000	149.530000	-78.730000	0.980400	5.865581	48.120153
256	0.950000	0.430000	150.330000	-67.440000	0.982400	5.812638	48.213997
257	0.930000	0.390000	147.560000	-72.960000	0.981600	5.798493	48.267684
258	0.930000	0.330000	147.650000	-85.010000	0.974400	5.830906	48.488611
259	0.950000	0.360000	147.840000	-79.600000	0.977200	5.827671	48.318287
260	0.940000	0.370000	147.350000	-76.730000	0.982800	5.846723	48.352504
261	0.940000	0.390000	148.260000	-73.740000	0.979600	5.855561	48.419906
262	0.940000	0.370000	148.700000	-78.140000	0.982400	5.851628	47.916330
263	0.950000	0.370000	148.570000	-78.260000	0.978400	5.840720	48.141740
264	0.950000	0.390000	149.770000	-74.630000	0.983200	5.826252	48.341633
265	0.950000	0.320000	150.030000	-88.470000	0.981600	5.797529	48.262305
266	0.940000	0.360000	150.060000	-81.150000	0.978800	5.795967	48.505522
267	0.960000	0.370000	151.570000	-80.470000	0.982000	5.809888	48.518012
268	0.960000	0.380000	152.140000	-79.160000	0.978400	5.830448	48.454630
269	0.960000	0.310000	152.630000	-93.260000	0.978000	5.906574	48.707702
270	0.970000	0.250000	153.330000	-105.660000	0.977200	5.905697	48.564844
271	0.960000	0.260000	152.140000	-103.620000	0.982400	5.850893	48.395580
272	0.960000	0.360000	153.190000	-84.030000	0.981600	5.850018	48.277781
273	0.960000	0.360000	154.210000	-85.250000	0.982400	5.905935	48.245794
274	0.960000	0.310000	154.610000	-95.510000	0.982400	5.897993	48.632165
275	0.970000	0.360000	154.850000	-85.920000	0.980400	5.898662	48.501432
276	0.970000	0.280000	155.710000	-102.240000	0.984000	5.898230	48.452142
277	0.960000	0.310000	153.860000	-94.860000	0.983200	5.898057	48.652689
278	0.970000	0.320000	154.410000	-93.000000	0.983200	5.873418	48.592763
279	0.970000	0.350000	152.490000	-85.300000	0.981200	5.885869	48.344667
280	0.970000	0.370000	151.140000	-81.370000	0.981200	5.851435	48.638577
281	0.970000	0.320000	152.650000	-91.890000	0.976400	5.864823	48.460916
282	0.970000	0.380000	152.740000	-80.260000	0.976400	5.959959	48.372076
283	0.970000	0.280000	153.620000	-99.210000	0.978400	5.970964	48.258091
284	0.960000	0.310000	153.940000	-94.280000	0.978800	6.012518	48.411353
285	0.960000	0.250000	153.920000	-106.450000	0.977600	6.012176	48.587528
286	0.960000	0.300000	152.810000	-96.430000	0.976800	6.017932	48.503783
287	0.950000	0.260000	151.380000	-101.530000	0.976800	5.943762	48.421228
288	0.940000	0.320000	150.200000	-89.870000	0.979600	5.943873	48.375893
289	0.940000	0.290000	150.100000	-95.350000	0.978400	5.914437	48.319046
290	0.940000	0.350000	150.140000	-83.220000	0.983600	5.939736	48.161086
291	0.940000	0.390000	149.880000	-75.170000	0.980800	5.948044	48.349006
292	0.940000	0.380000	149.590000	-77.370000	0.978400	6.009674	48.728257
293	0.930000	0.370000	149.220000	-78.450000	0.978800	5.982095	48.284921
294	0.930000	0.420000	149.190000	-69.530000	0.980800	5.991571	48.662690
295	0.910000	0.430000	145.930000	-64.300000	0.982400	5.968759	48.614770
296	0.910000	0.420000	145.540000	-65.790000	0.982000	5.938916	48.627977
297	0.920000	0.400000	146.140000	-70.720000	0.983600	5.921251	48.460679
298	0.910000	0.350000	144.980000	-78.920000	0.983200	5.908964	48.478519
299	0.920000	0.250000	145.960000	-99.360000	0.978000	5.894462	47.995691
300	0.920000	0.320000	146.150000	-85.240000	0.982400	5.965023	48.171934
301	0.920000	0.340000	147.290000	-82.670000	0.980000	5.937354	48.178391
302	0.930000	0.360000	147.640000	-79.510000	0.982000	5.930908	48.440208
303	0.930000	0.350000	147.710000	-81.110000	0.982400	5.945841	48.366311
304	0.930000	0.350000	148.450000	-81.680000	0.980000	5.967757	48.755028
305	0.940000	0.360000	149.900000	-81.130000	0.983600	5.950893	48.411830
306	0.940000	0.330000	150.970000	-87.560000	0.976800	5.953079	48.586352
307	0.940000	0.310000	150.810000	-91.780000	0.980800	5.949916	48.446344
308	0.940000	0.390000	150.640000	-76.140000	0.982000	5.907404	48.623603
309	0.950000	0.370000	149.510000	-79.700000	0.976400	5.928272	48.519349
310	0.960000	0.320000	150.250000	-89.140000	0.982000	5.864542	48.563533
311	0.960000	0.320000	151.800000	-90.790000	0.983600	5.858172	48.387806
312	0.950000	0.370000	150.180000	-79.000000	0.978400	5.883137	48.353843
313	0.950000	0.330000	149.910000	-87.710000	0.981600	5.948193	48.688234
314	0.950000	0.310000	150.460000	-92.360000	0.984400	5.941226	48.225089
315	0.950000	0.300000	150.250000	-93.960000	0.980000	5.961857	48.300408
316	0.950000	0.250000	150.480000	-103.380000	0.981600	5.944314	48.525251
317	0.940000	0.260000	149.100000	-100.140000	0.977200	5.994978	48.630832
318	0.950000	0.270000	150.510000	-99.330000	0.982000	5.953779	48.392431
319	0.960000	0.320000	152.050000	-91.930000	0.984400	5.944814	48.481622
320	0.960000	0.450000	152.400000	-66.890000	0.984000	5.926032	48.669575
321	0.950000	0.390000	151.700000	-76.370000	0.982000	5.951379	48.393121
322	0.970000	0.360000	153.060000	-84.620000	0.979600	5.922031	48.597747
323	0.970000	0.340000	153.470000	-88.700000	0.980000	5.972510	48.174880
324	0.970000	0.290000	152.910000	-98.000000	0.981200	5.957834	48.403800
325	0.960000	0.310000	150.760000	-92.080000	0.976000	5.953617	48.366775
326	0.950000	0.340000	148.730000	-84.010000	0.981600	5.938428	48.711406
327	0.940000	0.360000	147.020000	-78.650000	0.978400	5.944692	48.508105
328	0.960000	0.340000	149.080000	-84.330000	0.982400	5.926425	48.386788
329	0.960000	0.320000	149.730000	-89.000000	0.976800	5.876614	48.423462
330	0.970000	0.340000	151.570000	-86.920000	0.977600	5.914421	48.676462
331	0.960000	0.390000	151.380000	-77.290000	0.976400	5.924909	48.353142
332	0.960000	0.360000	150.290000	-81.210000	0.978800	5.909244	48.570214
333	0.970000	0.350000	152.590000	-86.060000	0.980000	5.928587	48.469421
334	0.960000	0.340000	150.840000	-86.710000	0.978400	5.967940	48.890397
335	0.950000	0.380000	149.520000	-76.480000	0.976800	5.989061	48.261804
336	0.950000	0.360000	150.310000	-80.930000	0.977600	5.987809	48.373639
337	0.950000	0.310000	150.020000	-91.190000	0.973600	5.942604	48.613274
338	0.950000	0.390000	150.850000	-77.270000	0.980000	5.896473	48.330647
339	0.950000	0.310000	151.110000	-92.470000	0.974000	5.928281	48.507838
340	0.940000	0.340000	148.830000	-84.790000	0.978000	5.964105	48.610681
341	0.960000	0.300000	150.740000	-95.260000	0.979200	5.949521	48.575300
342	0.960000	0.250000	150.870000	-103.220000	0.976800	5.916395	48.797196
343	0.960000	0.260000	152.090000	-102.350000	0.978800	5.973565	48.424242
344	0.960000	0.310000	152.620000	-93.920000	0.980800	5.968220	48.678265
345	0.950000	0.310000	151.500000	-91.560000	0.975200	6.020486	48.606681
346	0.950000	0.380000	151.660000	-78.340000	0.978400	5.958107	48.522113
347	0.950000	0.340000	151.340000	-86.020000	0.983200	5.955891	48.686896
348	0.950000	0.400000	151.840000	-75.070000	0.979200	5.953594	48.345905
349	0.950000	0.320000	152.340000	-90.940000	0.980000	5.945831	48.424493
350	0.950000	0.330000	151.540000	-88.800000	0.977200	5.956929	48.475356
351	0.960000	0.320000	151.900000	-90.970000	0.980400	5.985344	48.423264
352	0.960000	0.310000	151.870000	-94.020000	0.981600	6.002242	48.734405
353	0.960000	0.300000	151.570000	-94.880000	0.980800	6.017406	48.637898
354	0.970000	0.340000	152.840000	-87.630000	0.978800	6.036000	48.510297
355	0.970000	0.330000	152.860000	-89.760000	0.974000	6.044297	48.535113
356	0.960000	0.350000	152.510000	-85.200000	0.980400	6.055351	48.560530
357	0.960000	0.320000	153.860000	-91.900000	0.976400	6.055733	48.608132
358	0.950000	0.340000	152.130000	-86.370000	0.979200	6.042089	48.298740
359	0.960000	0.390000	152.800000	-77.210000	0.978400	6.045008	48.615179
360	0.960000	0.340000	153.310000	-87.620000	0.976400	6.118433	48.539891
361	0.960000	0.360000	152.950000	-83.880000	0.976000	6.131939	48.418194
362	0.960000	0.370000	153.410000	-83.070000	0.976400	6.117793	48.566982
363	0.960000	0.350000	153.050000	-85.990000	0.978400	6.047919	48.399249
364	0.980000	0.290000	154.400000	-99.750000	0.982400	6.049960	48.548288
365	0.980000	0.310000	153.970000	-94.790000	0.980000	6.085637	48.385200
366	0.980000	0.360000	154.680000	-86.580000	0.977600	6.089085	48.453916
367	0.980000	0.310000	154.590000	-95.770000	0.978800	6.126123	48.436318
368	0.980000	0.330000	155.270000	-92.270000	0.978000	6.150695	48.755281
369	0.980000	0.240000	156.190000	-111.040000	0.976800	6.139906	48.865413
370	0.980000	0.280000	156.250000	-102.950000	0.978800	6.096198	48.507221
371	0.980000	0.220000	156.560000	-114.420000	0.976800	6.112574	48.660898
372	0.980000	0.300000	157.390000	-99.270000	0.976000	6.126809	48.862037
373	0.980000	0.260000	158.220000	-108.000000	0.976400	6.125584	48.991235
374	0.980000	0.280000	158.020000	-103.970000	0.978400	6.095035	48.813357
375	0.980000	0.350000	158.080000	-90.520000	0.981600	6.031719	48.656699
376	0.970000	0.360000	156.830000	-87.550000	0.976800	6.069262	48.715822
377	0.990000	0.380000	158.050000	-84.900000	0.978400	6.032440	48.550597
378	0.990000	0.310000	158.680000	-98.810000	0.981600	6.035760	48.690123
379	0.990000	0.320000	159.570000	-97.820000	0.983600	6.008748	48.740105
380	0.990000	0.310000	159.200000	-99.130000	0.978800	5.996418	48.653027
381	0.990000	0.350000	159.640000	-91.690000	0.980400	5.972403	48.699805
382	0.980000	0.290000	159.040000	-103.140000	0.982800	5.940844	48.491947
383	0.970000	0.260000	156.590000	-105.720000	0.984400	5.952125	48.430125
384	0.970000	0.340000	156.660000	-91.080000	0.981600	5.981639	48.388818
385	0.960000	0.340000	155.370000	-89.720000	0.984400	5.915882	48.188859
386	0.970000	0.360000	156.600000	-87.600000	0.983600	5.886287	48.480579
387	0.980000	0.370000	158.180000	-87.060000	0.982000	5.885099	48.415308
388	0.980000	0.350000	157.600000	-89.540000	0.980800	5.901575	48.458210
389	0.980000	0.280000	158.690000	-104.530000	0.978800	5.945841	48.671897
390	0.980000	0.230000	159.050000	-114.390000	0.978400	5.926042	48.454043
391	0.980000	0.290000	158.580000	-101.620000	0.979200	5.917272	48.626902
392	0.980000	0.310000	157.640000	-97.400000	0.982000	5.875810	48.585798
393	0.980000	0.310000	157.810000	-98.010000	0.977200	5.884896	48.887760
394	0.960000	0.390000	155.000000	-80.610000	0.980000	5.934097	48.867724
395	0.960000	0.370000	155.380000	-84.420000	0.981200	5.959457	48.582786
396	0.960000	0.380000	155.620000	-82.760000	0.977200	5.926270	48.607511
397	0.980000	0.330000	157.020000	-94.090000	0.979200	5.912960	48.625936
398	0.970000	0.320000	155.870000	-94.600000	0.979200	5.913834	48.636790
399	0.970000	0.280000	156.280000	-102.330000	0.977200	5.914520	48.829873
400	0.980000	0.300000	158.030000	-99.890000	0.981200	5.909167	48.427814
401	0.990000	0.310000	158.630000	-98.430000	0.981600	5.896992	48.526438
402	0.990000	0.270000	159.940000	-107.230000	0.974400	5.930933	48.686885
403	0.980000	0.300000	159.200000	-100.230000	0.978000	5.941135	48.703873
404	0.970000	0.360000	156.980000	-86.550000	0.978400	5.927331	48.628838
405	0.980000	0.360000	157.620000	-87.450000	0.974800	5.901069	48.661104
406	0.990000	0.400000	159.320000	-81.250000	0.979200	5.864925	48.732901
407	0.980000	0.360000	157.850000	-88.120000	0.978400	5.879849	48.472934
408	0.980000	0.320000	158.250000	-95.690000	0.978400	5.854923	48.498916
409	0.970000	0.360000	156.300000	-87.490000	0.983600	5.818875	48.436298
410	0.960000	0.360000	155.410000	-86.110000	0.980800	5.827113	48.763843
411	0.960000	0.330000	155.150000	-92.230000	0.982400	5.836901	48.820914
412	0.970000	0.390000	156.620000	-81.470000	0.982400	5.802291	48.774264
413	0.960000	0.460000	154.760000	-66.940000	0.981600	5.792691	48.597714
414	0.970000	0.420000	156.380000	-76.540000	0.982000	5.805471	48.455380
415	0.970000	0.410000	156.090000	-77.140000	0.986400	5.820950	48.425106
416	0.970000	0.440000	155.680000	-70.700000	0.986400	5.829392	48.473466
417	0.970000	0.460000	155.840000	-66.910000	0.982400	5.788412	48.517965
418	0.970000	0.430000	156.320000	-73.050000	0.984400	5.793676	48.418116
419	0.960000	0.360000	154.110000	-84.190000	0.980800	5.804902	48.643583
420	0.960000	0.320000	154.220000	-91.960000	0.977200	5.837299	48.601360
421	0.970000	0.370000	156.160000	-84.600000	0.979600	5.816937	48.462842
422	0.950000	0.400000	152.490000	-75.980000	0.979600	5.814460	48.509017
423	0.960000	0.320000	153.150000	-91.150000	0.982800	5.812372	48.686406
424	0.950000	0.320000	152.520000	-90.470000	0.984000	5.807382	48.632983
425	0.960000	0.440000	153.440000	-68.140000	0.982400	5.806396	48.449706
426	0.950000	0.480000	151.880000	-59.860000	0.980400	5.819339	48.293633
427	0.950000	0.490000	151.770000	-57.700000	0.983200	5.764164	48.578867
428	0.950000	0.460000	152.020000	-63.730000	0.984400	5.792515	48.530901
429	0.950000	0.420000	152.170000	-71.640000	0.982800	5.841685	48.563214
430	0.940000	0.360000	150.790000	-81.200000	0.980000	5.799732	48.525773
431	0.940000	0.390000	150.920000	-76.410000	0.978000	5.767245	48.591022
432	0.940000	0.330000	148.660000	-86.010000	0.977200	5.714801	48.409736
433	0.940000	0.340000	149.650000	-85.320000	0.983200	5.705017	48.155037
434	0.940000	0.420000	149.930000	-69.580000	0.983200	5.726630	48.206920
435	0.920000	0.450000	147.740000	-61.320000	0.982800	5.734574	48.180212
436	0.920000	0.440000	146.510000	-61.920000	0.978800	5.734530	48.374183
437	0.920000	0.390000	146.800000	-73.190000	0.980400	5.704973	48.326205
438	0.920000	0.380000	147.750000	-75.790000	0.981600	5.722658	48.185043
439	0.920000	0.340000	147.010000	-82.230000	0.980400	5.704498	48.486560
440	0.920000	0.350000	146.620000	-79.070000	0.978400	5.727137	48.852990
441	0.930000	0.360000	147.650000	-78.720000	0.977600	5.738863	48.339291
442	0.930000	0.360000	148.430000	-79.740000	0.978800	5.764388	48.565627
443	0.920000	0.370000	146.140000	-76.490000	0.980400	5.707437	48.569695
444	0.930000	0.360000	146.920000	-79.310000	0.979600	5.732220	48.516392
445	0.920000	0.410000	144.630000	-66.990000	0.981600	5.802217	48.445401
446	0.930000	0.410000	146.560000	-69.030000	0.978800	5.797933	48.284735
447	0.940000	0.430000	147.460000	-66.140000	0.983200	5.816836	48.448482
448	0.940000	0.360000	148.060000	-79.710000	0.983600	5.803783	48.224286
449	0.950000	0.420000	149.570000	-69.790000	0.982000	5.821992	48.532043
450	0.950000	0.300000	149.960000	-93.950000	0.982000	5.845649	48.267152
451	0.930000	0.280000	147.800000	-94.790000	0.977600	5.937111	48.691740
452	0.920000	0.260000	146.770000	-97.490000	0.978800	5.882908	48.490525
453	0.910000	0.310000	144.640000	-85.690000	0.981600	5.840186	48.374784
454	0.920000	0.390000	146.000000	-71.670000	0.981600	5.819154	48.594983
455	0.920000	0.440000	144.820000	-60.580000	0.983600	5.797207	48.360320
456	0.920000	0.360000	145.320000	-77.440000	0.984000	5.753005	48.327012
457	0.920000	0.410000	145.970000	-68.540000	0.980000	5.774073	48.286340
458	0.920000	0.380000	145.100000	-73.000000	0.980000	5.774082	48.454091
459	0.910000	0.460000	144.260000	-58.110000	0.978400	5.748040	48.713033
460	0.920000	0.370000	144.920000	-75.680000	0.979600	5.706120	48.418684
461	0.910000	0.360000	144.110000	-76.020000	0.981200	5.734715	48.213896
462	0.900000	0.370000	142.400000	-72.720000	0.982400	5.747830	48.213173
463	0.910000	0.430000	144.130000	-62.090000	0.979200	5.739030	48.274099
464	0.910000	0.490000	144.120000	-51.950000	0.983600	5.717682	48.201462
465	0.930000	0.450000	146.190000	-61.000000	0.979200	5.737852	48.621636
466	0.920000	0.430000	145.340000	-63.360000	0.984000	5.786774	48.376150
467	0.910000	0.400000	143.910000	-68.270000	0.984800	5.747597	48.417834
468	0.910000	0.450000	144.660000	-59.940000	0.981200	5.756552	48.573623
469	0.900000	0.420000	143.310000	-64.430000	0.980800	5.746684	48.149714
470	0.890000	0.390000	141.190000	-67.900000	0.980800	5.707320	48.428754
471	0.900000	0.380000	141.020000	-69.980000	0.982800	5.716026	48.362101
472	0.900000	0.360000	140.510000	-72.960000	0.983200	5.702325	48.385805
473	0.900000	0.390000	141.700000	-66.890000	0.981200	5.708916	48.250149
474	0.900000	0.470000	141.610000	-52.200000	0.979600	5.721470	48.269000
475	0.890000	0.420000	140.730000	-62.070000	0.983600	5.705238	48.028185
476	0.890000	0.470000	140.330000	-51.970000	0.981200	5.727573	48.441359
477	0.890000	0.420000	140.650000	-60.380000	0.979600	5.708322	48.179600
478	0.890000	0.410000	141.050000	-62.920000	0.979200	5.726191	48.179128
479	0.870000	0.400000	137.920000	-61.770000	0.977600	5.746437	48.321721
480	0.870000	0.420000	138.270000	-59.540000	0.977600	5.724177	48.281479
481	0.880000	0.450000	139.230000	-54.180000	0.977200	5.752420	48.191846
482	0.890000	0.470000	140.570000	-52.730000	0.980800	5.730271	48.228369
483	0.890000	0.420000	141.250000	-61.720000	0.980400	5.767444	48.225790
484	0.880000	0.390000	139.520000	-65.840000	0.982400	5.755848	48.534060
485	0.880000	0.420000	137.820000	-57.960000	0.979600	5.762111	48.553676
486	0.880000	0.450000	138.910000	-53.480000	0.983600	5.772562	48.130991
487	0.900000	0.420000	141.030000	-61.280000	0.982000	5.722673	48.072569
488	0.910000	0.370000	143.020000	-72.950000	0.982400	5.689018	48.031763
489	0.910000	0.400000	144.150000	-68.690000	0.981600	5.757932	48.297416
490	0.910000	0.300000	145.300000	-88.720000	0.981600	5.756705	48.252643
491	0.910000	0.320000	146.010000	-85.020000	0.976400	5.720123	48.081337
492	0.900000	0.360000	144.800000	-77.370000	0.976000	5.749014	48.451449
493	0.910000	0.390000	145.980000	-71.430000	0.978400	5.739510	48.384808
494	0.930000	0.380000	146.460000	-73.620000	0.976800	5.707863	48.093991
495	0.930000	0.350000	147.340000	-80.770000	0.980400	5.698500	48.109697
496	0.930000	0.370000	147.090000	-76.750000	0.977200	5.740875	48.606595
497	0.940000	0.360000	148.280000	-80.630000	0.982000	5.776202	48.448446
498	0.940000	0.340000	149.010000	-84.290000	0.974800	5.793174	48.355970
499	0.940000	0.410000	149.490000	-71.580000	0.981600	5.782780	48.258000
500	0.960000	0.310000	149.480000	-90.900000	0.974800	5.844392	48.402723
501	0.950000	0.370000	148.530000	-77.360000	0.979200	5.854545	48.246078
502	0.950000	0.350000	149.230000	-83.620000	0.980800	5.883081	48.524593
503	0.950000	0.350000	150.310000	-83.330000	0.979600	5.896465	48.778840
504	0.950000	0.340000	151.050000	-86.070000	0.974800	5.890148	48.515013
505	0.950000	0.310000	151.690000	-93.360000	0.980800	5.878719	48.779891
506	0.930000	0.310000	148.110000	-89.990000	0.981200	5.845944	48.322584
507	0.930000	0.280000	148.720000	-95.870000	0.982000	5.872312	48.608086
508	0.920000	0.360000	146.450000	-77.790000	0.984000	5.856742	48.360855
509	0.950000	0.400000	148.490000	-72.280000	0.980400	5.819457	48.404154
510	0.950000	0.330000	148.990000	-86.650000	0.978800	5.854898	48.289138
511	0.940000	0.280000	148.230000	-95.400000	0.982400	5.849258	48.346171
512	0.940000	0.320000	148.430000	-87.800000	0.982000	5.842078	48.179569
513	0.930000	0.320000	146.650000	-86.100000	0.979600	5.827414	48.733342
514	0.940000	0.350000	148.340000	-81.900000	0.980800	5.815393	48.338496
515	0.950000	0.370000	148.460000	-78.640000	0.982000	5.790560	48.238104
516	0.950000	0.410000	149.860000	-72.110000	0.983200	5.852502	48.385056
517	0.920000	0.410000	145.400000	-67.930000	0.983200	5.867885	48.638556
518	0.920000	0.450000	145.920000	-60.050000	0.986000	5.822923	48.299228
519	0.930000	0.400000	146.870000	-70.550000	0.984400	5.814394	48.465120
520	0.930000	0.350000	148.100000	-81.370000	0.985200	5.834007	48.552104
521	0.930000	0.370000	149.240000	-78.370000	0.984800	5.856145	48.688584
522	0.920000	0.370000	148.010000	-78.350000	0.981600	5.880134	48.336728
523	0.930000	0.370000	148.770000	-78.870000	0.982000	5.894087	48.359109
524	0.930000	0.350000	149.610000	-83.300000	0.979200	5.891626	48.187670
525	0.920000	0.320000	148.240000	-87.590000	0.983200	5.878156	48.163058
526	0.930000	0.380000	148.700000	-76.850000	0.980800	5.849235	48.435683
527	0.920000	0.400000	146.830000	-71.200000	0.983200	5.804471	48.277994
528	0.930000	0.280000	147.820000	-95.810000	0.984800	5.820718	48.649519
529	0.930000	0.380000	148.460000	-77.090000	0.978000	5.848011	48.629858
530	0.930000	0.320000	148.390000	-88.140000	0.980000	5.870080	48.548626
531	0.920000	0.340000	146.980000	-82.450000	0.980400	5.796522	48.211135
532	0.930000	0.360000	147.760000	-79.500000	0.982800	5.795343	48.446248
533	0.940000	0.310000	147.180000	-88.520000	0.981200	5.816958	48.494627
534	0.940000	0.360000	148.140000	-80.090000	0.983200	5.874626	48.537666
535	0.950000	0.440000	148.890000	-65.100000	0.979600	5.842223	48.560687
536	0.950000	0.390000	149.000000	-75.690000	0.979600	5.869051	48.642100
537	0.950000	0.360000	150.130000	-81.860000	0.980800	5.830845	48.336888
538	0.950000	0.380000	151.130000	-78.510000	0.980800	5.857964	48.374056
539	0.940000	0.420000	148.720000	-69.400000	0.979200	5.822408	48.398003
540	0.920000	0.320000	146.630000	-85.210000	0.980400	5.800262	48.403078
541	0.920000	0.380000	147.210000	-75.410000	0.978000	5.802551	48.594225
542	0.940000	0.410000	148.460000	-70.660000	0.982800	5.772325	48.417992
543	0.950000	0.420000	150.110000	-69.650000	0.982000	5.789656	48.508578
544	0.960000	0.420000	151.450000	-71.160000	0.982000	5.857182	48.368906
545	0.960000	0.420000	151.650000	-70.840000	0.982000	5.824460	48.380582
546	0.950000	0.430000	151.150000	-69.490000	0.984800	5.873192	48.429715
547	0.960000	0.410000	152.020000	-74.080000	0.985600	5.935866	48.748339
548	0.970000	0.380000	152.120000	-80.200000	0.977600	5.975880	48.362709
549	0.960000	0.380000	151.240000	-79.140000	0.980000	5.963644	48.756230
550	0.950000	0.400000	149.900000	-73.470000	0.983200	5.993074	48.575455
551	0.960000	0.430000	151.010000	-69.550000	0.982000	5.913483	48.397127
552	0.970000	0.420000	152.230000	-72.890000	0.979600	5.920322	48.485100
553	0.970000	0.410000	152.710000	-74.950000	0.983600	5.921218	48.386904
554	0.980000	0.330000	153.380000	-90.340000	0.982400	5.951332	48.208324
555	0.980000	0.330000	153.990000	-90.710000	0.981600	5.972817	48.278163
556	0.980000	0.360000	154.710000	-85.610000	0.980000	6.007718	48.138954
557	0.990000	0.360000	155.670000	-86.060000	0.980400	6.000142	48.753251
558	0.990000	0.370000	155.030000	-83.610000	0.980400	6.007905	48.768612
559	0.980000	0.310000	153.950000	-94.020000	0.982400	6.017387	48.811946
560	0.980000	0.330000	154.110000	-89.860000	0.985200	6.067636	48.439208
561	0.980000	0.420000	155.240000	-73.650000	0.981600	6.053269	48.264572
562	0.980000	0.350000	155.610000	-87.220000	0.979600	6.090262	48.657584
563	0.970000	0.350000	154.720000	-87.190000	0.979200	6.084779	48.594990
564	0.980000	0.360000	155.630000	-86.370000	0.980800	6.035166	48.096648
565	0.980000	0.370000	156.140000	-84.930000	0.978400	6.078828	48.644728
566	0.980000	0.410000	156.100000	-77.440000	0.981200	6.093248	48.695885
567	0.990000	0.360000	155.510000	-86.710000	0.977600	6.129926	48.686769
568	0.990000	0.280000	155.280000	-101.970000	0.979200	6.127279	48.719364
569	0.990000	0.290000	155.920000	-100.340000	0.982800	6.111049	48.688482
570	0.980000	0.380000	155.080000	-82.250000	0.980800	6.120520	48.556111
571	0.980000	0.300000	154.290000	-97.310000	0.980800	6.060342	48.575174
572	0.990000	0.310000	156.280000	-97.130000	0.977200	6.090091	48.667357
573	0.990000	0.370000	157.170000	-85.900000	0.980400	6.041716	48.515938
574	0.990000	0.290000	156.830000	-99.610000	0.980000	6.065838	48.665318
575	0.970000	0.260000	153.850000	-103.790000	0.976800	6.070118	48.458594
576	0.970000	0.300000	154.510000	-96.210000	0.979600	6.068419	48.923620
577	0.960000	0.320000	153.130000	-90.730000	0.980800	6.069129	48.577150
578	0.970000	0.350000	153.740000	-85.890000	0.978000	6.033976	48.691765
579	0.970000	0.390000	154.190000	-78.240000	0.981200	6.040836	48.502361
580	0.980000	0.410000	155.480000	-75.490000	0.978400	6.051698	48.533254
581	0.970000	0.300000	154.690000	-96.580000	0.976000	6.022981	48.776754
582	0.990000	0.300000	155.740000	-97.700000	0.980800	6.024104	48.815726
583	0.990000	0.340000	156.730000	-90.380000	0.978400	6.015676	48.842569
584	0.990000	0.350000	157.020000	-89.460000	0.979600	6.040439	48.648954
585	0.960000	0.320000	152.400000	-90.800000	0.979600	6.054374	48.585310
586	0.940000	0.290000	149.540000	-93.200000	0.980800	6.007249	48.516435
587	0.940000	0.310000	148.300000	-88.680000	0.980000	6.006575	48.706759
588	0.940000	0.280000	149.820000	-95.920000	0.975600	5.995051	48.247662
589	0.930000	0.370000	148.600000	-77.980000	0.980000	6.028100	48.588901
590	0.940000	0.350000	148.930000	-82.100000	0.978800	5.993375	48.602292
591	0.950000	0.360000	150.810000	-82.230000	0.975600	5.999967	48.244341
592	0.950000	0.300000	151.670000	-94.450000	0.978800	6.043906	48.611525
593	0.960000	0.300000	153.120000	-95.210000	0.975600	6.038334	48.522958
594	0.960000	0.330000	153.540000	-89.880000	0.978400	6.045952	48.572095
595	0.960000	0.340000	154.140000	-88.690000	0.979600	6.039006	48.589161
596	0.970000	0.360000	154.810000	-85.330000	0.975200	6.089408	48.753975
597	0.980000	0.350000	155.540000	-88.340000	0.976800	6.027133	48.707440
598	0.980000	0.330000	156.680000	-92.610000	0.976800	6.005979	48.484723
599	0.980000	0.340000	155.880000	-89.460000	0.976400	5.998660	48.347737
600	0.960000	0.370000	152.180000	-80.530000	0.980400	6.040867	48.826056
601	0.970000	0.360000	152.510000	-83.200000	0.977200	6.026737	48.505045
602	0.980000	0.390000	153.270000	-78.950000	0.978400	6.010328	48.702221
603	0.980000	0.350000	151.960000	-84.790000	0.978400	6.015084	48.390064
604	0.980000	0.380000	152.430000	-79.350000	0.979600	6.023099	48.645178
605	0.980000	0.330000	153.310000	-89.930000	0.981200	6.061114	48.583884
606	0.970000	0.370000	152.150000	-82.060000	0.982000	6.062876	48.863794
607	0.980000	0.350000	152.940000	-86.370000	0.976400	6.125148	48.439002
608	0.980000	0.360000	153.720000	-85.500000	0.980000	6.157829	48.678576
609	0.980000	0.380000	153.900000	-81.330000	0.980800	6.128363	48.724383
610	0.970000	0.390000	152.820000	-78.390000	0.978400	6.139633	48.896231
611	0.970000	0.340000	153.630000	-87.820000	0.977600	6.112075	48.681943
612	0.960000	0.340000	151.070000	-84.980000	0.985600	6.132954	48.306975
613	0.960000	0.450000	151.900000	-65.440000	0.981600	6.097422	48.303815
614	0.950000	0.420000	151.440000	-71.780000	0.979200	6.087203	48.337167
615	0.950000	0.370000	151.050000	-80.580000	0.980800	6.079790	48.523548
616	0.950000	0.410000	151.200000	-73.570000	0.978400	6.057889	48.465062
617	0.960000	0.360000	151.730000	-83.490000	0.978400	6.050550	48.361580
618	0.950000	0.390000	151.060000	-76.070000	0.983200	5.997045	48.264841
619	0.950000	0.410000	151.560000	-72.460000	0.982400	5.994152	48.372517
620	0.950000	0.380000	152.060000	-79.440000	0.980400	6.034291	48.237206
621	0.950000	0.360000	151.630000	-83.110000	0.980000	6.074933	48.447437
622	0.930000	0.310000	149.140000	-90.380000	0.979200	6.039072	48.476172
623	0.930000	0.310000	150.000000	-91.760000	0.977200	6.014835	48.394977
624	0.930000	0.370000	150.320000	-79.380000	0.976800	6.000210	48.230760
625	0.930000	0.400000	150.470000	-73.430000	0.979600	5.980933	48.461176
626	0.930000	0.310000	151.270000	-91.390000	0.982400	6.000047	48.345470
627	0.950000	0.340000	150.880000	-85.470000	0.975600	6.041016	48.831448
628	0.940000	0.350000	149.810000	-81.910000	0.975200	6.007589	48.501986
629	0.950000	0.420000	150.280000	-69.090000	0.976800	5.959929	48.541572
630	0.960000	0.380000	152.570000	-78.930000	0.975600	5.977089	48.626965
631	0.960000	0.370000	152.470000	-81.930000	0.980000	5.979700	48.605927
632	0.960000	0.390000	153.140000	-78.610000	0.980800	5.992433	48.391002
633	0.950000	0.410000	151.180000	-71.820000	0.976000	6.017493	49.064849
634	0.930000	0.300000	148.220000	-90.980000	0.982000	5.985572	48.289297
635	0.940000	0.370000	148.980000	-78.340000	0.977600	5.970545	48.665432
636	0.950000	0.330000	150.160000	-87.400000	0.978800	5.954328	48.462210
637	0.950000	0.300000	150.500000	-93.600000	0.984000	5.951850	48.576739
638	0.950000	0.320000	151.560000	-90.560000	0.981200	5.996352	48.483622
639	0.970000	0.310000	152.800000	-93.390000	0.984800	5.986358	48.101251
640	0.970000	0.310000	152.780000	-93.310000	0.982400	6.024106	48.529972
641	0.950000	0.310000	149.610000	-90.450000	0.980800	6.043662	48.333552
642	0.960000	0.340000	151.090000	-85.650000	0.979200	6.041271	48.295647
643	0.970000	0.430000	152.610000	-70.130000	0.982400	5.950691	48.454282
644	0.960000	0.440000	152.700000	-67.600000	0.980000	5.962256	48.349571
645	0.960000	0.470000	153.590000	-63.280000	0.983200	6.020975	48.475289
646	0.970000	0.360000	154.260000	-84.430000	0.976400	6.009285	48.614735
647	0.970000	0.330000	154.350000	-90.170000	0.978000	6.030111	48.586229
648	0.980000	0.330000	155.640000	-91.940000	0.978400	6.035956	48.445980
649	0.980000	0.420000	156.360000	-75.280000	0.978800	6.044111	48.500538
650	0.980000	0.360000	156.700000	-88.160000	0.979200	6.038167	48.714382
651	0.980000	0.290000	157.540000	-102.350000	0.978800	6.068125	48.528703
652	0.970000	0.280000	156.290000	-102.960000	0.978000	6.060753	48.596208
653	0.970000	0.310000	157.250000	-97.120000	0.979600	6.027770	48.437711
654	0.970000	0.340000	157.300000	-91.250000	0.977600	6.018003	48.866103
655	0.970000	0.340000	158.020000	-91.550000	0.979600	6.015748	48.541978
656	0.970000	0.340000	157.980000	-92.280000	0.981600	6.029758	48.765981
657	0.950000	0.350000	154.610000	-86.540000	0.976800	6.015340	48.605539
658	0.970000	0.370000	154.780000	-83.720000	0.983600	5.964555	48.516721
659	0.950000	0.360000	153.160000	-84.060000	0.981200	5.989072	48.579153
660	0.960000	0.370000	153.790000	-82.370000	0.982800	5.984101	48.550675
661	0.960000	0.300000	154.700000	-97.510000	0.982000	5.970312	48.737237
662	0.970000	0.300000	155.330000	-97.570000	0.976000	5.946028	48.505325
663	0.980000	0.370000	156.020000	-84.400000	0.978400	5.943873	48.698652
664	0.980000	0.360000	157.400000	-87.690000	0.983200	5.964975	48.503911
665	0.980000	0.340000	158.150000	-92.950000	0.978000	5.916522	48.714697
666	0.960000	0.390000	154.730000	-79.330000	0.982800	5.945502	48.497375
667	0.950000	0.370000	153.630000	-82.380000	0.982000	5.951392	48.732140
668	0.970000	0.360000	155.530000	-86.430000	0.983200	5.971496	48.538198
669	0.970000	0.380000	154.540000	-81.640000	0.980400	5.932553	48.909857
670	0.970000	0.400000	154.910000	-78.500000	0.977600	5.920706	48.809360
671	0.980000	0.290000	156.140000	-100.780000	0.982400	5.912885	48.933983
672	0.980000	0.370000	156.640000	-84.750000	0.981600	5.901863	48.498022
673	0.980000	0.350000	157.870000	-90.630000	0.978000	5.911109	48.502190
674	0.990000	0.350000	158.480000	-91.340000	0.980000	5.893890	48.662758
675	0.990000	0.370000	158.850000	-87.600000	0.980000	5.886315	48.487600
676	0.990000	0.410000	158.540000	-79.390000	0.980400	5.861943	48.442207
677	0.980000	0.310000	156.750000	-96.610000	0.978000	5.900254	48.524988
678	0.980000	0.350000	156.010000	-88.360000	0.978000	5.934327	48.841695
679	0.980000	0.380000	156.750000	-83.990000	0.978000	5.905342	48.656313
680	0.980000	0.380000	156.990000	-84.210000	0.978800	5.943803	48.623967
681	0.970000	0.370000	155.310000	-84.850000	0.983600	5.900023	48.556928
682	0.990000	0.390000	156.930000	-82.980000	0.985200	5.916994	48.528623
683	0.980000	0.390000	155.320000	-80.820000	0.982400	5.867714	48.548614
684	0.950000	0.400000	150.910000	-74.720000	0.978400	5.936052	48.651287
685	0.940000	0.460000	148.340000	-59.530000	0.979200	5.910621	48.703746
686	0.970000	0.470000	151.460000	-62.180000	0.979600	5.877961	48.266429
687	0.980000	0.400000	152.850000	-76.720000	0.984400	5.926080	48.488913
688	0.980000	0.370000	153.270000	-82.640000	0.980000	5.919576	48.329469
689	0.980000	0.380000	154.160000	-81.020000	0.980400	5.937637	48.548694
690	0.970000	0.350000	153.710000	-86.440000	0.980800	5.930561	48.627509
691	0.970000	0.390000	154.340000	-80.670000	0.984000	5.889625	48.635734
692	0.970000	0.310000	155.210000	-96.740000	0.984400	5.905253	48.516643
693	0.970000	0.340000	154.340000	-88.790000	0.982800	5.917476	48.443693
694	0.950000	0.280000	150.680000	-96.340000	0.984000	5.952795	48.321803
695	0.960000	0.300000	152.270000	-94.270000	0.985200	5.972412	48.321812
696	0.960000	0.300000	152.740000	-96.350000	0.980800	6.010701	48.331782
697	0.960000	0.330000	153.350000	-90.040000	0.977600	6.040587	48.600828
698	0.960000	0.330000	154.030000	-90.860000	0.976000	6.043507	48.776233
699	0.960000	0.340000	154.150000	-89.500000	0.982800	5.964338	48.423529
700	0.960000	0.360000	154.600000	-86.430000	0.976800	5.987649	48.624779
701	0.950000	0.340000	153.290000	-88.200000	0.983200	5.925231	48.402013
702	0.950000	0.450000	152.310000	-65.320000	0.982000	5.948837	48.771972
703	0.950000	0.420000	151.830000	-70.890000	0.978800	5.924282	48.690369
704	0.970000	0.440000	153.090000	-68.400000	0.979600	5.903956	48.584277
705	0.950000	0.380000	151.380000	-79.270000	0.982000	5.929065	48.537062
706	0.970000	0.330000	153.780000	-91.150000	0.982400	5.918742	48.165571
707	0.970000	0.430000	152.830000	-70.280000	0.980400	5.889732	48.339594
708	0.970000	0.380000	153.640000	-81.830000	0.983600	5.899203	48.345348
709	0.970000	0.350000	153.370000	-86.150000	0.981200	5.914699	48.679918
710	0.970000	0.350000	153.750000	-86.390000	0.982400	5.927968	48.433689
711	0.980000	0.380000	154.930000	-81.550000	0.979200	6.010500	48.504783
712	0.980000	0.360000	156.000000	-86.950000	0.980800	6.022759	48.371146
713	0.970000	0.400000	155.240000	-78.570000	0.980400	5.996915	48.747090
714	0.960000	0.330000	153.310000	-89.400000	0.979200	6.005271	48.469362
715	0.960000	0.380000	152.810000	-79.910000	0.984800	6.011502	48.856341
716	0.950000	0.420000	150.930000	-69.750000	0.980000	5.974309	48.494886
717	0.950000	0.430000	151.320000	-68.350000	0.978400	5.950020	48.718390
718	0.960000	0.360000	152.470000	-82.710000	0.980400	5.956205	48.740757
719	0.960000	0.360000	151.720000	-82.670000	0.979600	6.004187	48.825408
720	0.960000	0.290000	152.360000	-97.160000	0.977600	6.000811	48.464416
721	0.950000	0.300000	152.120000	-94.200000	0.974800	5.976853	48.677888
722	0.960000	0.340000	152.990000	-87.590000	0.974800	5.996376	48.906312
723	0.950000	0.410000	151.670000	-72.750000	0.979200	5.986764	48.436861
724	0.940000	0.390000	150.590000	-75.520000	0.977600	5.935597	48.634241
725	0.920000	0.380000	148.160000	-75.030000	0.980800	5.935103	48.337951
726	0.920000	0.350000	147.710000	-81.480000	0.974800	5.871542	48.512415
727	0.940000	0.310000	149.630000	-90.650000	0.978800	5.861186	48.524240
728	0.950000	0.310000	150.280000	-91.170000	0.980800	5.884732	48.245872
729	0.950000	0.350000	150.910000	-84.400000	0.977600	5.881361	48.468041
730	0.960000	0.330000	151.930000	-89.360000	0.979200	5.894412	48.575049
731	0.960000	0.380000	152.280000	-79.700000	0.980000	5.919483	48.359379
732	0.960000	0.430000	152.800000	-70.170000	0.980000	5.944393	48.334370
733	0.960000	0.420000	152.170000	-71.260000	0.981200	5.964711	48.430608
734	0.960000	0.410000	152.090000	-75.630000	0.980800	5.942580	48.836476
735	0.960000	0.300000	152.980000	-96.280000	0.982400	5.925948	48.286988
736	0.960000	0.400000	154.010000	-77.280000	0.980000	5.930687	48.548785
737	0.970000	0.380000	154.500000	-82.090000	0.980000	5.944599	48.877863
738	0.970000	0.350000	154.590000	-87.270000	0.979600	5.978932	48.956554
739	0.960000	0.360000	153.250000	-83.220000	0.974000	5.989010	48.686803
740	0.970000	0.400000	154.770000	-77.190000	0.982400	6.014539	48.727835
741	0.970000	0.380000	154.730000	-80.830000	0.975200	6.002397	48.627999
742	0.970000	0.350000	155.280000	-87.610000	0.980000	6.032093	48.730747
743	0.980000	0.320000	155.930000	-94.710000	0.976800	6.003852	48.802839
744	0.980000	0.290000	155.820000	-100.450000	0.982800	6.015941	48.729376
745	0.970000	0.330000	155.110000	-91.360000	0.976400	6.005285	48.490152
746	0.970000	0.320000	155.090000	-93.420000	0.976800	5.998718	48.804421
747	0.970000	0.350000	155.760000	-88.500000	0.977200	5.967098	48.831140
748	0.960000	0.390000	153.720000	-78.720000	0.977200	5.956150	48.642270
749	0.960000	0.380000	153.730000	-81.160000	0.976400	5.925749	48.634239
750	0.960000	0.320000	154.320000	-92.240000	0.981200	5.871481	48.550447
751	0.950000	0.360000	153.720000	-84.020000	0.977200	5.912279	48.632245
752	0.950000	0.370000	152.600000	-81.000000	0.980400	5.841722	48.134118
753	0.950000	0.370000	152.730000	-80.630000	0.980000	5.825749	48.379901
754	0.930000	0.400000	150.260000	-72.190000	0.980000	5.798578	48.443464
755	0.940000	0.440000	151.690000	-67.330000	0.983600	5.791956	48.272635
756	0.940000	0.440000	151.730000	-66.560000	0.984000	5.753697	48.380934
757	0.960000	0.370000	152.780000	-81.280000	0.982000	5.772174	48.647980
758	0.950000	0.390000	150.840000	-75.790000	0.981600	5.796795	48.096392
759	0.950000	0.430000	151.110000	-67.780000	0.981600	5.850801	48.792984
760	0.970000	0.320000	152.610000	-91.290000	0.982400	5.844718	48.537630
761	0.970000	0.300000	153.100000	-95.320000	0.984400	5.804434	48.307179
762	0.970000	0.330000	154.010000	-90.200000	0.981200	5.849781	48.841789
763	0.960000	0.330000	152.810000	-88.530000	0.984800	5.843299	48.613637
764	0.950000	0.330000	151.280000	-86.930000	0.980000	5.873772	48.339209
765	0.970000	0.340000	153.270000	-86.780000	0.980400	5.858734	48.525225
766	0.970000	0.440000	153.000000	-67.180000	0.983600	5.892819	48.565354
767	0.970000	0.410000	153.790000	-73.800000	0.979600	5.894125	48.681648
768	0.970000	0.400000	154.580000	-77.120000	0.979200	5.910592	49.043833
769	0.960000	0.400000	153.460000	-76.110000	0.979600	5.909646	48.652145
770	0.960000	0.370000	153.610000	-82.040000	0.976400	5.929744	48.705095
771	0.960000	0.360000	152.470000	-82.540000	0.979600	5.924250	48.622026
772	0.960000	0.360000	152.980000	-83.560000	0.978000	5.919819	48.485227
773	0.970000	0.400000	154.960000	-77.890000	0.979200	5.911408	48.609527
774	0.970000	0.440000	155.690000	-70.490000	0.975200	5.928213	48.908069
775	0.970000	0.340000	155.310000	-89.520000	0.970000	5.907959	48.825049
776	0.980000	0.330000	155.370000	-91.170000	0.979200	5.901508	48.353457
777	0.970000	0.320000	154.930000	-93.220000	0.976800	5.916615	48.722480
778	0.980000	0.310000	156.000000	-96.170000	0.979600	5.950432	48.532409
779	0.960000	0.330000	153.430000	-90.340000	0.977600	5.907411	48.523231
780	0.970000	0.370000	153.900000	-83.420000	0.976400	5.946285	48.968990
781	0.990000	0.420000	156.750000	-76.250000	0.982800	5.892394	48.780696
782	0.990000	0.360000	156.950000	-88.380000	0.979200	5.898160	48.748223
783	0.990000	0.350000	156.570000	-89.760000	0.974800	5.926090	48.462866
784	0.990000	0.370000	157.570000	-86.920000	0.979200	5.931048	48.707562
785	0.970000	0.380000	155.860000	-82.510000	0.974800	5.949475	48.846477
786	0.980000	0.400000	157.890000	-80.390000	0.979200	5.950229	48.561107
787	0.980000	0.370000	158.510000	-86.980000	0.982800	5.913239	48.584496
788	0.960000	0.340000	155.400000	-89.970000	0.978400	5.937716	48.903901
789	0.960000	0.330000	154.660000	-91.190000	0.975600	5.971443	48.884759
790	0.950000	0.340000	152.850000	-88.470000	0.982400	5.949981	48.597416
791	0.950000	0.340000	153.320000	-89.100000	0.978800	5.983076	48.741041
792	0.960000	0.370000	154.070000	-82.540000	0.979200	5.937431	48.753787
793	0.970000	0.380000	154.820000	-82.110000	0.983200	5.960796	48.476536
794	0.970000	0.390000	155.080000	-80.190000	0.980800	5.959082	48.437662
795	0.970000	0.350000	154.970000	-86.960000	0.980800	5.947259	48.755483
796	0.970000	0.440000	154.800000	-70.010000	0.976000	5.935027	48.612143
797	0.980000	0.370000	154.850000	-83.600000	0.977600	5.965565	48.581436
798	0.980000	0.340000	155.620000	-90.160000	0.979200	5.987236	48.519924
799	0.970000	0.350000	154.130000	-87.160000	0.981200	5.932682	48.542375
800	0.970000	0.310000	153.930000	-94.070000	0.976800	5.924547	48.578731
801	0.980000	0.290000	154.770000	-98.450000	0.977200	5.966127	48.503740
802	0.980000	0.350000	155.820000	-88.280000	0.981600	6.022164	48.587781
803	0.970000	0.310000	154.900000	-95.280000	0.982000	5.972849	48.561018
804	0.970000	0.370000	155.620000	-83.850000	0.984800	5.984418	48.824751
805	0.960000	0.360000	153.990000	-84.060000	0.979200	5.994089	48.646629
806	0.960000	0.350000	154.210000	-86.440000	0.981600	5.977526	48.750025
807	0.960000	0.270000	154.350000	-102.310000	0.981600	5.966855	48.513717
808	0.970000	0.310000	155.560000	-95.930000	0.979600	5.977257	48.483671
809	0.970000	0.400000	155.650000	-78.420000	0.977600	5.955823	48.479703
810	0.970000	0.360000	155.440000	-86.490000	0.979600	5.943094	48.302457
811	0.970000	0.340000	155.610000	-89.820000	0.980000	5.962119	48.350070
812	0.970000	0.370000	156.380000	-84.930000	0.981600	6.013723	48.444755
813	0.950000	0.320000	152.750000	-91.040000	0.982400	6.000225	48.522488
814	0.970000	0.330000	155.330000	-92.220000	0.984000	6.030167	48.663821
815	0.970000	0.400000	155.020000	-78.170000	0.982000	5.988820	48.583272
816	0.970000	0.400000	156.490000	-79.750000	0.978000	5.974618	48.688956
817	0.970000	0.470000	157.370000	-67.680000	0.980000	5.955736	48.691844
818	0.970000	0.410000	157.420000	-79.040000	0.979200	5.950173	48.215224
819	0.970000	0.340000	157.420000	-92.200000	0.981600	5.877070	48.519192
820	0.970000	0.340000	156.600000	-90.840000	0.982400	5.882038	48.536147
821	0.950000	0.330000	153.570000	-90.680000	0.982800	5.940308	48.359628
822	0.940000	0.380000	151.000000	-77.640000	0.978000	5.937617	48.608993
823	0.930000	0.420000	148.580000	-67.860000	0.980000	5.890587	48.465062
824	0.940000	0.350000	149.630000	-83.270000	0.981600	5.891636	48.364501
825	0.950000	0.400000	150.440000	-75.000000	0.981200	5.938230	48.677835
826	0.960000	0.320000	150.550000	-90.440000	0.980400	5.937246	48.479978
827	0.970000	0.360000	151.770000	-83.970000	0.979600	5.988592	48.433361
828	0.970000	0.330000	152.370000	-89.970000	0.982800	5.988078	48.298569
829	0.980000	0.290000	153.340000	-98.710000	0.975200	5.977261	48.606173
830	0.980000	0.280000	154.280000	-101.730000	0.977600	5.962075	48.482350
831	0.980000	0.280000	154.960000	-102.590000	0.981200	5.987819	48.416009
832	0.980000	0.380000	155.470000	-82.990000	0.979200	5.954410	48.548002
833	0.980000	0.360000	155.260000	-87.350000	0.981600	5.967923	48.323431
834	0.990000	0.350000	155.610000	-89.080000	0.978800	5.972221	48.501194
835	0.990000	0.370000	156.060000	-85.310000	0.978800	6.027467	48.817641
836	0.980000	0.300000	155.320000	-97.410000	0.977200	6.035338	48.554142
837	0.990000	0.310000	157.460000	-98.600000	0.982000	6.050085	48.436431
838	0.990000	0.370000	157.170000	-86.990000	0.984400	6.049957	48.542905
839	0.960000	0.350000	153.080000	-85.940000	0.979600	6.062720	48.545374
840	0.960000	0.390000	152.470000	-76.960000	0.975600	6.040824	48.749687
841	0.980000	0.350000	153.700000	-87.320000	0.979600	5.978728	48.265863
842	0.980000	0.390000	154.650000	-79.620000	0.981200	6.038884	48.718155
843	0.960000	0.290000	152.040000	-96.310000	0.978400	6.015939	48.666304
844	0.960000	0.320000	152.060000	-91.530000	0.978800	6.007053	48.507478
845	0.960000	0.350000	152.580000	-86.190000	0.979600	6.021445	48.764160
846	0.960000	0.380000	151.920000	-79.630000	0.979200	5.969978	48.652532
847	0.970000	0.330000	153.710000	-90.980000	0.978800	6.005649	48.510379
848	0.970000	0.400000	154.290000	-77.430000	0.980400	5.979811	48.229970
849	0.960000	0.390000	152.680000	-78.620000	0.978800	6.029946	48.748155
850	0.960000	0.390000	152.690000	-77.920000	0.980000	6.032770	48.566985
851	0.950000	0.390000	150.570000	-75.550000	0.979600	6.011493	48.383188
852	0.950000	0.380000	150.790000	-78.450000	0.984000	5.989543	48.655817
853	0.960000	0.390000	151.940000	-78.320000	0.980400	5.997739	48.609050
854	0.950000	0.360000	151.590000	-83.670000	0.982800	6.061199	48.541967
855	0.950000	0.400000	151.900000	-75.780000	0.977600	6.043072	48.315322
856	0.950000	0.390000	152.860000	-78.850000	0.982800	6.040327	48.425420
857	0.930000	0.290000	150.000000	-94.980000	0.979200	6.029387	48.776313
858	0.920000	0.420000	147.630000	-68.290000	0.981600	6.005402	48.186363
859	0.940000	0.380000	149.570000	-76.630000	0.981200	5.952738	48.433441
860	0.940000	0.360000	150.240000	-82.020000	0.982400	5.942922	48.074816
861	0.940000	0.410000	151.150000	-73.030000	0.982400	5.935733	48.123822
862	0.940000	0.360000	151.530000	-83.040000	0.984000	5.990580	48.672385
863	0.940000	0.440000	151.270000	-67.400000	0.981600	6.011816	48.442817
864	0.930000	0.380000	148.970000	-76.330000	0.981600	6.023298	48.410914
865	0.930000	0.360000	150.070000	-82.120000	0.982000	6.022861	48.580244
866	0.930000	0.390000	149.810000	-74.530000	0.977200	6.012526	48.652915
867	0.940000	0.400000	151.080000	-73.530000	0.979200	6.010693	48.418322
868	0.940000	0.300000	150.920000	-92.710000	0.975200	5.982143	48.728230
869	0.930000	0.330000	149.650000	-86.050000	0.975200	5.974344	49.007352
870	0.940000	0.360000	151.200000	-81.570000	0.976000	5.939620	48.944885
871	0.940000	0.300000	152.250000	-94.590000	0.980400	5.938804	48.515816
872	0.940000	0.350000	152.200000	-85.680000	0.980800	5.912164	48.511965
873	0.950000	0.360000	152.530000	-83.750000	0.980800	5.898212	48.842401
874	0.940000	0.380000	149.560000	-77.400000	0.984000	5.893500	48.575251
875	0.960000	0.360000	151.100000	-82.920000	0.979600	5.943540	48.836352
876	0.950000	0.400000	151.270000	-74.050000	0.978400	5.962369	48.515654
877	0.950000	0.340000	151.260000	-85.790000	0.979200	5.952226	48.534230
878	0.960000	0.400000	152.430000	-75.860000	0.980400	5.946884	48.224112
879	0.950000	0.350000	152.370000	-85.560000	0.981200	5.984445	48.345836
880	0.950000	0.400000	152.240000	-75.910000	0.976800	5.934323	48.186602
881	0.940000	0.370000	151.110000	-80.240000	0.979600	5.904020	48.372928
882	0.940000	0.350000	150.580000	-82.890000	0.980000	5.869634	48.433552
883	0.960000	0.390000	152.250000	-77.430000	0.981200	5.838843	48.577394
884	0.960000	0.320000	153.120000	-92.120000	0.982000	5.865312	48.521862
885	0.970000	0.360000	154.170000	-85.180000	0.982000	5.850828	48.554727
886	0.980000	0.330000	155.580000	-92.980000	0.978000	5.922535	48.416262
887	0.980000	0.310000	156.790000	-97.800000	0.981200	5.937611	48.385375
888	0.980000	0.400000	156.420000	-79.290000	0.981200	5.937226	48.488045
889	0.980000	0.340000	155.940000	-90.580000	0.980400	5.940272	48.521738
890	0.990000	0.350000	157.520000	-90.320000	0.975600	5.976367	48.533121
891	0.990000	0.390000	157.860000	-82.570000	0.979600	5.942567	48.636222
892	0.980000	0.420000	156.510000	-75.330000	0.979600	5.937873	48.440135
893	0.970000	0.380000	154.510000	-81.370000	0.982400	5.948369	48.694754
894	0.980000	0.410000	156.170000	-77.350000	0.982400	5.942617	48.556376
895	0.980000	0.360000	156.140000	-87.460000	0.978400	5.980274	48.569147
896	0.980000	0.370000	157.290000	-86.130000	0.979600	5.946056	48.790209
897	0.970000	0.320000	155.730000	-93.970000	0.980400	5.902584	48.582083
898	0.980000	0.380000	156.480000	-82.470000	0.980000	5.909976	48.570624
899	0.980000	0.370000	156.720000	-84.470000	0.976800	5.902403	48.743490
900	0.980000	0.360000	157.570000	-87.360000	0.978800	5.906818	48.412737
901	0.970000	0.390000	155.550000	-80.080000	0.982400	5.880200	48.587847
902	0.980000	0.340000	156.840000	-91.510000	0.981600	5.896385	48.493946
903	0.980000	0.320000	156.940000	-95.860000	0.982800	5.893669	48.456797
904	0.980000	0.330000	156.930000	-93.640000	0.983600	5.892378	48.614272
905	0.970000	0.360000	155.680000	-86.680000	0.984000	5.853834	48.595358
906	0.970000	0.330000	155.640000	-92.280000	0.979200	5.890028	48.482585
907	0.970000	0.350000	155.700000	-88.710000	0.978000	5.883869	48.449766
908	0.970000	0.330000	155.220000	-91.810000	0.983200	5.892888	48.293225
909	0.960000	0.390000	153.980000	-79.300000	0.980000	5.865674	48.502248
910	0.960000	0.410000	153.730000	-75.610000	0.985600	5.829480	48.082957
911	0.960000	0.300000	153.800000	-96.340000	0.984800	5.835880	48.384036
912	0.960000	0.380000	154.260000	-81.100000	0.982400	5.812482	48.469287
913	0.960000	0.380000	154.800000	-81.280000	0.981600	5.811275	48.501769
914	0.960000	0.440000	154.900000	-70.010000	0.980400	5.803899	48.356753
915	0.970000	0.380000	155.010000	-82.270000	0.978400	5.851355	48.662408
916	0.960000	0.360000	154.580000	-86.470000	0.982400	5.905681	48.742277
917	0.960000	0.330000	155.870000	-92.710000	0.976800	5.880738	48.470423
918	0.960000	0.330000	155.670000	-92.300000	0.978400	5.893554	48.401261
919	0.950000	0.400000	153.990000	-76.290000	0.983200	5.897044	48.731437
920	0.950000	0.450000	154.220000	-67.450000	0.981600	5.883803	48.655271
921	0.960000	0.420000	154.060000	-73.370000	0.983200	5.892167	48.565239
922	0.940000	0.430000	151.280000	-69.000000	0.983200	5.918463	48.548692
923	0.940000	0.420000	151.570000	-71.450000	0.980400	5.908102	48.487693
924	0.950000	0.410000	152.950000	-73.470000	0.982000	5.884887	48.629811
925	0.950000	0.430000	153.370000	-70.320000	0.978000	5.865173	48.715855
926	0.940000	0.440000	151.950000	-66.730000	0.984800	5.852397	48.529561
927	0.930000	0.420000	149.120000	-68.050000	0.980000	5.861526	48.682884
928	0.930000	0.450000	148.900000	-62.930000	0.974800	5.892673	48.714631
929	0.930000	0.420000	149.240000	-68.160000	0.976800	5.853034	48.644817
930	0.930000	0.460000	149.250000	-60.640000	0.978400	5.812618	48.671888
931	0.940000	0.460000	149.290000	-61.270000	0.982000	5.807198	48.474121
932	0.940000	0.480000	149.340000	-57.230000	0.980000	5.800047	48.465007
933	0.940000	0.490000	148.710000	-55.540000	0.979600	5.820661	48.657584
934	0.940000	0.410000	148.800000	-71.240000	0.977600	5.848945	48.486966
935	0.950000	0.350000	150.940000	-83.980000	0.975600	5.836424	48.615174
936	0.950000	0.380000	150.960000	-78.880000	0.983200	5.896810	48.265342
937	0.950000	0.340000	151.340000	-87.220000	0.982000	5.896224	48.496969
938	0.950000	0.380000	151.180000	-79.550000	0.979600	5.906290	48.543792
939	0.960000	0.400000	152.540000	-76.550000	0.984000	5.897455	48.202264
940	0.970000	0.390000	152.500000	-78.730000	0.983200	5.933489	48.606187
941	0.970000	0.350000	154.050000	-87.160000	0.983200	5.894989	48.424495
942	0.960000	0.410000	152.830000	-74.050000	0.980800	5.976823	48.577973
943	0.960000	0.430000	153.220000	-70.740000	0.978400	5.981788	48.837234
944	0.960000	0.390000	152.550000	-77.890000	0.978000	5.965008	48.574404
945	0.970000	0.390000	152.770000	-77.640000	0.981200	5.968111	48.678376
946	0.960000	0.410000	151.090000	-73.060000	0.980800	5.988525	48.345767
947	0.950000	0.380000	150.010000	-76.930000	0.978400	5.993031	48.387354
948	0.950000	0.360000	149.610000	-81.760000	0.983200	5.974185	48.245790
949	0.940000	0.320000	147.440000	-87.020000	0.986000	5.942180	48.155148
950	0.950000	0.410000	148.370000	-70.160000	0.990000	5.943094	48.019848
951	0.950000	0.390000	149.810000	-75.410000	0.983200	5.976841	48.140801
952	0.950000	0.350000	150.660000	-83.870000	0.980000	5.992101	48.357931
953	0.970000	0.350000	151.570000	-85.060000	0.978000	5.997499	48.157528
954	0.970000	0.410000	151.860000	-73.180000	0.979600	5.964024	48.456147
955	0.960000	0.350000	150.570000	-83.950000	0.983200	6.006835	48.388237
956	0.960000	0.370000	151.320000	-81.620000	0.978400	5.983869	48.206909
957	0.960000	0.360000	152.580000	-84.280000	0.980000	6.001643	48.393025
958	0.970000	0.380000	154.230000	-81.320000	0.981600	6.069164	48.545871
959	0.960000	0.410000	152.910000	-74.940000	0.978800	6.060108	48.601881
960	0.960000	0.370000	153.830000	-83.010000	0.980400	6.030447	48.863261
961	0.960000	0.340000	153.670000	-88.880000	0.978000	5.991451	48.285511
962	0.960000	0.330000	154.240000	-91.610000	0.980000	6.004200	48.581041
963	0.950000	0.350000	153.460000	-86.870000	0.980400	5.973931	48.845965
964	0.960000	0.400000	154.680000	-77.420000	0.980800	5.996399	48.552578
965	0.980000	0.390000	155.750000	-80.330000	0.980800	6.025073	48.731847
966	0.980000	0.340000	156.590000	-90.740000	0.980000	6.047294	48.739218
967	0.970000	0.340000	154.400000	-88.930000	0.980000	6.010469	48.471111
968	0.970000	0.250000	154.300000	-106.220000	0.976400	6.016644	48.441752
969	0.970000	0.350000	154.040000	-86.480000	0.975200	5.975338	48.612380
970	0.970000	0.310000	154.080000	-94.600000	0.974000	5.948136	48.635860
971	0.970000	0.420000	155.020000	-74.070000	0.980400	5.941746	48.548255
972	0.960000	0.380000	153.720000	-79.640000	0.980400	5.951445	48.367944
973	0.980000	0.350000	156.910000	-89.960000	0.980000	5.967370	48.367489
974	0.970000	0.390000	154.000000	-79.700000	0.978400	5.984579	48.275661
975	0.970000	0.440000	154.110000	-69.470000	0.976800	5.947778	48.577563
976	0.970000	0.430000	154.240000	-70.820000	0.979200	5.951739	48.647401
977	0.960000	0.380000	153.300000	-79.830000	0.977600	5.926794	48.705741
978	0.970000	0.410000	154.870000	-75.880000	0.979600	5.877259	48.705355
979	0.960000	0.350000	153.430000	-86.220000	0.981600	5.909527	48.586694
980	0.960000	0.400000	153.470000	-77.320000	0.978000	5.938333	48.205785
981	0.970000	0.350000	154.350000	-87.820000	0.982400	5.931821	48.508077
982	0.960000	0.340000	153.860000	-89.790000	0.980800	5.924501	48.377493
983	0.960000	0.420000	152.570000	-72.380000	0.978000	5.960320	48.426927
984	0.960000	0.400000	153.200000	-76.580000	0.979200	5.975382	48.451370
985	0.960000	0.410000	151.970000	-73.290000	0.978800	5.938634	48.557695
986	0.940000	0.390000	148.680000	-72.790000	0.979600	5.912926	48.691266
987	0.940000	0.380000	149.700000	-76.770000	0.980800	5.888253	48.598767
988	0.940000	0.370000	150.040000	-78.850000	0.984000	5.881503	48.469719
989	0.940000	0.400000	150.630000	-74.500000	0.977200	5.906407	48.055514
990	0.940000	0.400000	151.300000	-75.250000	0.976000	5.898589	48.239451
991	0.950000	0.430000	151.750000	-69.610000	0.978800	5.904745	48.456343
992	0.950000	0.410000	150.780000	-72.490000	0.980400	5.903712	48.502800
993	0.970000	0.370000	153.390000	-82.920000	0.985600	5.872883	48.006555
994	0.950000	0.380000	150.730000	-77.920000	0.979600	5.935784	48.319443
995	0.940000	0.480000	149.590000	-57.390000	0.981600	5.885855	48.474963
996	0.940000	0.440000	150.130000	-66.620000	0.980800	5.855143	48.015055
997	0.940000	0.420000	150.510000	-69.920000	0.987200	5.872938	48.386702
998	0.950000	0.400000	150.730000	-74.970000	0.984400	5.842436	47.975486
999	0.960000	0.380000	151.130000	-78.610000	0.984000	5.869375	48.264162
