0.038400
0.316200
0.279900
0.339600
0.094600
0.199000
0.170300
0.030200
0.336900
0.156600
0.089100
0.188600
0.291000
0.242600
0.107400
0.074300
0.150700
0.544600
0.064100
0.165700
0.198100
0.237200
0.386500
0.074900
0.157400
0.246400
0.095200
0.162600
0.224400
0.139300
0.085800
0.012600
0.178700
0.239000
0.223200
0.099000
0.101200
0.191800
0.042600
0.150200
0.046700
0.109900
0.108400
0.238300
0.005100
0.266900
0.081700
0.216300
0.146500
0.163600
0.311200
0.312100
0.067100
0.217700
0.191800
0.057100
0.115100
0.128000
0.198700
0.289600
0.059700
0.359000
0.105800
0.333000
0.108100
0.300000
0.023200
0.156000
0.047600
0.180000
0.061600
0.185700
0.262900
0.238700
0.231300
0.051900
0.123000
0.252700
0.392300
0.186000
0.143100
0.121400
0.182000
0.239700
0.054600
0.050500
0.073300
0.030700
0.042700
0.055100
0.101000
0.171300
0.163300
0.181500
0.254400
0.169400
0.199200
0.180600
0.100700
0.249100
0.358000
0.261900
0.295600
0.031300
0.266200
0.031300
0.254100
0.193100
0.127800
0.140800
0.073600
0.161300
0.498000
0.177300
0.206400
0.058500
0.097200
0.043200
0.219600
0.447500
0.089800
0.183600
0.485100
0.103100
0.106000
0.450100
0.082500
0.122600
0.045100
0.346500
0.355600
0.175200
0.250200
0.099900
0.166000
0.084700
0.134100
0.263000
0.013300
0.094400
0.187000
0.140200
0.235100
0.080800
0.126500
0.179800
0.185900
0.221100
0.293400
0.070900
0.077300
0.119300
0.118200
0.436600
0.079100
0.238600
0.161500
0.100000
0.069100
0.317900
0.068900
0.040000
0.577200
0.105500
0.528300
0.446300
0.157600
0.212200
0.419200
0.495200
0.347100
0.096400
0.070500
0.109900
0.015700
0.169400
0.291500
0.174900
0.542600
0.086600
0.187500
0.081200
0.107300
0.226700
0.069400
0.419000
0.506500
0.240200
0.198300
0.096700
0.086200
0.035300
0.216400
0.118700
0.104600
0.054400
0.284400
0.090400
0.154700
0.077700
0.128200
0.075200
0.121900
0.201400
0.129600
0.203600
0.143300
0.241700
0.061500
0.098400
0.469400
0.083400
0.231500
0.186600
0.315800
0.190000
0.230400
0.412700
0.134900
0.016300
0.216100
