0.070300
0.413800
0.260200
0.387200
0.288400
0.286200
0.242800
0.118400
0.262400
0.250200
0.079400
0.514700
0.272300
0.389000
0.096200
0.149100
0.124600
0.472300
0.275600
0.204900
0.411700
0.307700
0.265500
0.596200
0.300500
0.522700
0.072100
0.120700
0.140400
0.373100
0.028900
0.297600
0.081900
0.172500
0.220300
0.271400
0.123400
0.237000
0.150100
0.222300
0.096900
0.352800
0.432100
0.121400
0.315000
0.152800
0.029200
0.203700
0.420400
0.187200
0.286900
0.596300
0.110800
0.181700
0.142300
0.068400
0.262000
0.342300
0.277600
0.546900
0.263600
0.584800
0.045200
0.483300
0.328000
0.260800
0.158500
0.421400
0.203500
0.352800
0.526700
0.163600
0.265400
0.157300
0.325400
0.419100
0.281700
0.461400
0.235300
0.535400
0.441300
0.084600
0.183600
0.482700
0.355400
0.313000
0.418900
0.044000
0.107000
0.295200
0.132900
0.331300
0.366100
0.147600
0.193500
0.299800
0.414800
0.370300
0.584700
0.331000
0.163800
0.216000
0.202900
0.265900
0.208100
0.237700
0.155600
0.214000
0.183800
0.267400
0.278500
0.103200
0.337300
0.480000
0.198500
0.562100
0.271900
0.060200
0.227700
0.346800
0.374200
0.257900
0.127100
0.386900
0.261000
0.162300
0.423400
0.424100
0.218500
0.397000
0.272800
0.334300
0.213400
0.450500
0.164600
0.169800
0.151600
0.218800
0.306700
0.370200
0.184800
0.282900
0.125300
0.172300
0.204600
0.416900
0.564400
