0.406300
0.082400
0.505900
0.439100
0.150500
0.436000
0.235000
0.234100
0.579900
0.282300
0.529200
0.168900
0.470500
0.325000
0.067400
0.308300
0.071800
0.418700
0.306700
0.496600
0.035500
0.247300
0.537100
0.289900
0.342900
0.523900
0.185200
0.503200
0.444900
0.465400
0.169000
0.316000
0.276300
0.051800
0.143400
0.589900
0.043200
0.166500
0.057100
0.462500
0.574300
0.213800
0.458500
0.257000
0.467800
0.178000
0.178700
0.232900
0.065500
0.015900
0.275100
0.296800
0.370800
0.299900
0.353100
0.251500
0.103300
0.524700
0.331200
0.540300
0.547000
0.472200
0.262200
0.566600
0.535900
0.057600
0.491700
0.511300
0.079300
0.530400
0.515900
0.579200
0.214500
0.321800
0.568000
0.136700
0.415400
0.135000
0.571500
0.383900
0.103500
0.121900
0.133700
0.530300
0.530300
0.230500
0.128100
0.125400
0.087000
0.267900
0.304900
0.451600
0.214400
0.528800
0.417300
0.265500
0.113800
0.308800
0.102300
0.535500
0.349700
0.370700
0.339600
0.559300
0.498300
0.180900
0.288700
0.340800
0.177100
0.389000
0.533300
0.416500
0.405200
0.203200
0.245500
0.207000
0.129000
0.140700
0.535500
0.587500
0.431200
0.147600
0.292600
0.115000
0.065200
0.285300
0.248500
