0.470000
0.480000
0.600000
0.540000
0.500000
0.600000
0.580000
0.510000
0.380000
0.500000
0.600000
0.600000
0.470000
0.500000
0.480000
0.590000
0.570000
0.510000
0.500000
0.340000
0.450000
0.590000
0.140000
0.300000
0.520000
0.570000
0.590000
0.560000
0.600000
0.580000
0.520000
0.600000
0.500000
0.400000
0.160000
0.580000
0.390000
0.380000
0.530000
0.380000
0.410000
0.540000
0.600000
0.350000
0.510000
0.500000
0.490000
0.310000
0.590000
0.560000
0.600000
0.560000
0.570000
0.530000
0.510000
0.510000
0.400000
0.600000
0.500000
0.560000
0.300000
0.540000
0.350000
0.520000
0.560000
0.400000
0.570000
0.330000
0.520000
0.560000
0.320000
0.430000
0.510000
0.590000
0.220000
0.460000
0.520000
0.330000
0.490000
0.570000
0.580000
0.510000
