0.271300
0.561900
0.379200
0.257700
0.289000
0.282800
0.489800
0.223000
0.416600
0.266900
0.498300
0.476600
0.244900
0.392000
0.315200
0.409100
0.056100
0.467700
0.299500
0.298800
0.285600
0.557100
0.591200
0.280000
0.356000
0.345000
0.424100
0.461600
0.182100
0.486900
0.247500
0.452400
0.293500
0.433600
0.491700
0.173800
0.336700
0.204200
0.204100
0.477300
0.409500
0.083500
0.190500
0.458900
0.337800
0.559100
0.369100
0.348400
0.410000
0.470400
0.170400
0.361100
0.592900
0.254300
0.142800
0.401900
0.534700
0.120600
0.413800
0.592500
0.421300
0.395100
0.412600
0.329700
0.327700
0.149500
0.321500
0.206000
0.152000
0.319200
0.405000
0.492500
0.357500
0.535000
0.421300
0.251400
0.285800
0.570200
0.213400
0.350600
0.255400
0.373700
0.340400
0.138300
0.448100
0.135300
0.513000
0.260500
0.131900
0.359500
0.240900
0.530000
0.065900
0.409300
0.127200
0.351500
0.581200
0.370100
0.348900
0.208500
0.331500
0.379500
0.580200
0.481400
0.530800
0.431900
0.590600
0.169500
0.465900
0.199100
0.367500
0.549100
0.294600
0.464900
