0.253000
0.543600
0.569500
0.536300
0.355800
0.308200
0.497500
0.229500
0.560300
0.518700
0.566600
0.564500
0.220200
0.568900
0.488700
0.077600
0.391500
0.480000
0.577400
0.557900
0.480300
0.582400
0.553800
0.577700
0.482400
0.503100
0.483400
0.338300
0.423100
0.595800
0.559100
0.414500
0.440400
0.188500
0.277800
0.301000
0.356400
0.454300
0.468500
0.486300
0.404800
0.273000
0.357200
0.337500
0.418400
0.499400
0.567700
0.315100
0.510700
0.517200
0.247000
0.393700
0.522800
0.502000
0.407800
0.311400
0.503500
0.390800
0.387100
0.370700
0.294900
0.551900
0.394200
0.572700
0.589600
0.579400
0.539000
0.399100
0.333900
0.444700
0.565300
0.355900
0.362900
0.298400
0.596800
0.477000
0.363400
0.597100
0.442700
0.314700
0.564500
0.486500
0.577500
0.327400
0.347100
0.252700
0.344100
0.447500
0.591900
0.140500
0.586500
0.599100
