0.446573	0.458137	0.098837	0.198166	1
0.535156	0.534291	0.161938	0.261934	1
0.058151	0.044834	0.876293	0.975403	0
0.414497	0.408831	0.330324	0.430163	0
0.486725	0.482096	0.342517	0.442410	0
0.670644	0.673596	0.795855	0.895811	0
0.192128	0.189435	0.774971	0.874935	0
0.768216	0.781999	0.721595	0.820640	0
0.915260	0.927399	0.557833	0.657093	0
0.155678	0.161419	0.562718	0.662553	0
0.844237	0.853418	0.009291	0.108869	1
0.676255	0.691048	0.544447	0.643347	0
0.151473	0.161983	0.602598	0.702044	0
0.268840	0.256028	0.017095	0.116271	1
0.606429	0.605539	0.503820	0.603816	0
0.973777	0.965769	0.174464	0.274143	1
0.558352	0.542547	0.366592	0.465335	0
0.981204	0.990507	0.134809	0.234375	1
0.877291	0.871177	0.050068	0.149881	1
0.725913	0.739397	0.205746	0.304833	1
0.390485	0.418095	0.049983	0.248068	1
0.153894	0.149789	0.726238	0.926196	0
0.079241	0.047526	0.877711	1.075181	0
0.880881	0.850345	0.146551	0.344206	1
0.012846	0.017363	0.752980	0.952929	0
0.487327	0.504005	0.726757	0.926061	0
0.757663	0.730226	0.285109	0.483219	1
0.802969	0.784883	0.266313	0.465494	1
0.569871	0.555267	0.143605	0.343071	1
0.894605	0.894352	0.869518	1.069518	0
0.782057	0.785294	0.260003	0.459977	1
0.678800	0.662942	0.413897	0.613267	0
0.119991	0.095639	0.493138	0.691650	0
0.163780	0.149611	0.374019	0.573517	0
0.224664	0.193367	0.386865	0.584401	0
0.789369	0.808650	0.874192	1.073261	0
0.528538	0.498059	0.631855	0.829519	0
0.634299	0.622300	0.434824	0.634464	0
0.874868	0.872888	0.004695	0.204685	1
0.165506	0.154422	0.899300	1.098992	0
0.661890	0.672481	0.681357	0.981170	0
0.208257	0.157716	0.360157	0.655869	0
0.480862	0.481720	0.480148	0.780147	0
0.631179	0.671085	0.643928	0.941262	0
0.928047	0.903890	0.868592	1.167618	0
0.977895	0.940634	0.657961	0.955638	0
0.754500	0.783266	0.186499	0.485117	1
0.816215	0.785892	0.820798	1.119262	0
0.144242	0.114409	0.695666	0.994179	0
0.615875	0.575569	0.861173	1.158453	0
0.957025	0.987893	0.523063	0.821470	0
0.558178	0.522183	0.731320	1.029153	0
0.573227	0.587422	0.212182	0.511846	1
0.081415	0.058350	0.843362	1.142474	0
0.963622	0.926866	0.771408	1.069148	0
0.232695	0.264687	0.749303	1.047592	0
0.375960	0.427289	0.503803	0.799379	0
0.151079	0.183830	0.320017	0.618224	0
0.361023	0.361970	0.464259	0.764258	0
0.575661	0.562075	0.080134	0.379826	1
0.689600	0.744340	0.037159	0.433395	1
0.484895	0.502287	0.595336	0.994958	0
0.640347	0.687262	0.168563	0.565803	1
0.275947	0.301083	0.249979	0.649188	1
0.555474	0.548710	0.213601	0.613544	1
0.703594	0.661902	0.446296	0.844117	0
0.509675	0.538227	0.822256	1.221235	0
0.502256	0.436192	0.973335	1.367841	0
0.315635	0.314090	0.334357	0.734354	0
0.824680	0.834323	0.910019	1.309902	0
0.194898	0.209726	0.599618	0.999343	0
0.088178	0.046584	0.084513	0.482345	1
0.712779	0.694651	0.724860	1.124449	0
0.549562	0.566327	0.000807	0.400455	1
0.229706	0.276195	0.556281	0.953570	0
0.681259	0.650571	0.259875	0.658696	1
0.882114	0.826757	0.769551	1.165702	0
0.586772	0.527730	0.271807	0.667425	1
0.611447	0.598876	0.587441	0.987244	0
0.100382	0.075261	0.412121	0.811332	0
0.669451	0.742421	0.607019	1.101666	0
0.275678	0.189559	0.695197	1.187725	0
0.477241	0.517160	0.407976	0.906380	0
0.847368	0.887427	0.957538	1.455931	0
0.467473	0.430166	0.187244	0.685850	1
0.301180	0.309195	0.868503	1.368438	0
0.581183	0.548999	0.750617	1.249580	0
0.683441	0.698672	0.337389	0.837157	0
0.759034	0.702384	0.948836	1.445617	0
0.168985	0.184139	0.049218	0.548988	1
0.488953	0.435624	0.718669	1.215816	0
0.408540	0.476235	0.994346	1.489743	0
0.412640	0.377246	0.471588	0.970333	0
0.141600	0.098817	0.318955	0.817122	0
0.871367	0.861213	0.786429	1.286326	0
0.157414	0.124333	0.087609	0.586513	1
0.703337	0.627005	0.668792	1.162931	0
0.018810	0.001068	0.352233	0.851918	0
0.606089	0.579427	0.111267	0.610556	1
0.780810	0.762729	0.280252	0.779925	1
0.367653	0.287271	0.769205	1.363796	0
0.561514	0.479959	0.177745	0.772177	1
0.450573	0.467531	0.590385	1.190146	0
0.747608	0.831099	0.731986	1.326148	0
0.002181	0.041186	0.603352	1.202083	0
0.443998	0.501292	0.760766	1.358025	0
0.754318	0.742331	0.464103	1.063983	0
0.815254	0.876929	0.482913	1.079735	0
0.213579	0.298383	0.089002	0.682979	1
0.560741	0.495216	0.869812	1.466224	0
0.957120	1.052164	0.237465	0.829889	1
0.072168	-0.004389	0.798979	1.394075	0
0.181562	0.228399	0.249552	0.847721	1
0.762545	0.753296	0.997160	1.597089	0
0.662482	0.570523	0.999341	1.592252	0
0.348848	0.415721	0.443339	1.039600	0
0.122823	0.077640	0.197656	0.795953	1
0.565590	0.621424	0.012910	0.610307	1
0.360589	0.434953	0.226489	0.821863	1
0.266856	0.314096	0.787230	1.385367	0
0.453375	0.566077	0.744350	1.435218	0
0.409099	0.473085	0.816518	1.513587	0
0.542568	0.423851	0.998080	1.687940	0
0.266423	0.147022	0.760625	1.450367	0
0.722263	0.602703	0.423107	1.112821	0
0.781455	0.769635	0.771955	1.471855	0
0.601414	0.637874	0.894778	1.593828	0
0.885476	0.925085	0.460367	1.159246	0
0.652450	0.747132	0.820957	1.514524	0
0.508427	0.551383	0.087813	0.786493	1
0.234217	0.214735	0.541188	1.240917	1
0.197471	0.133244	0.950287	1.647334	0
0.959704	0.895010	0.492855	1.189859	0
0.971489	1.091956	0.759277	1.448833	0
0.980434	0.960545	0.481540	1.181257	0
0.988721	0.913254	0.262995	0.958915	1
0.440345	0.339374	0.864408	1.557088	0
0.089626	0.100790	0.749884	1.449795	0
0.751818	0.719246	0.402335	1.101576	0
0.640499	0.629372	0.910762	1.610673	0
0.316410	0.454131	0.144978	0.933035	1
0.736671	0.860697	0.342449	1.132777	1
0.973450	0.956358	0.302153	1.101971	1
0.208309	0.124149	0.273643	1.069203	1
0.203793	0.253916	0.254077	1.052505	1
0.622385	0.745491	0.242798	1.033269	1
0.812931	0.898500	0.683143	1.478553	0
0.898255	0.914141	0.772769	1.572612	0
0.443946	0.571638	0.524587	1.314331	1
0.810593	0.913627	0.165086	0.958423	1
0.265054	0.130253	0.481496	1.270057	1
0.260702	0.220901	0.218167	1.017176	1
0.206636	0.251174	0.191616	0.990376	1
0.645425	0.765941	0.399925	1.190796	1
0.843491	0.756339	0.603719	1.398957	1
0.523097	0.503576	0.226103	1.025865	1
0.465697	0.358019	0.039034	0.831754	1
0.272706	0.380172	0.937289	1.730038	0
0.829599	0.804634	0.381234	1.180845	1
0.788826	0.809956	0.191828	0.991549	1
