0.816038	0.885022	0.661161	0.733557	0
0.516793	0.457208	0.510626	0.590936	1
0.335705	0.301556	0.001965	0.095954	1
0.871561	0.846087	0.707039	0.803740	1
0.701049	0.633427	0.700521	0.774191	1
0.262055	0.302346	0.440216	0.531741	0
0.218832	0.264137	0.364297	0.453445	0
0.310040	0.280068	0.088726	0.184129	1
0.243779	0.156470	0.711484	0.760241	0
0.651750	0.553781	0.739808	0.759861	0
0.721346	0.786393	0.555846	0.631800	0
0.463664	0.389924	0.072640	0.140185	1
0.760479	0.687157	0.408344	0.476344	1
0.149550	0.248064	0.279905	0.297080	1
0.567561	0.611718	0.980954	1.070677	0
0.831180	0.734790	0.243009	0.269637	1
0.463179	0.447564	0.461842	0.560615	1
0.112842	0.125007	0.771881	0.871139	0
0.515951	0.445307	0.015660	0.086438	1
0.678068	0.778020	0.667410	0.670517	1
0.742335	0.756722	0.388756	0.487716	0
0.467763	0.504164	0.852421	0.945560	0
0.703816	0.604174	0.612899	0.621352	1
0.941835	0.884810	0.762449	0.844596	1
0.886892	0.825057	0.330010	0.408600	1
0.532470	0.542134	0.161190	0.260722	1
0.618265	0.718238	0.624369	0.626678	1
0.068356	0.142220	0.737212	0.804622	1
0.607173	0.684263	0.253162	0.316859	1
0.857475	0.841087	0.931231	1.029879	0
0.847584	0.934658	0.673566	0.722741	0
0.393540	0.449430	0.141328	0.224252	1
0.012135	-0.046216	0.845145	0.926355	0
0.039075	-0.058903	0.786980	0.806990	0
0.345920	0.313271	0.673872	0.768393	0
0.633718	0.651012	0.206343	0.304836	1
0.164527	0.080043	0.824607	0.878109	0
0.157177	0.253789	0.892963	0.918772	0
0.921708	0.835645	0.500136	0.551059	1
0.701899	0.606920	0.357611	0.388901	1
0.149500	0.225513	0.205195	0.270171	1
0.985857	1.082411	0.598735	0.624760	0
0.674635	0.747819	0.610870	0.679017	0
0.976312	0.991434	0.649945	0.748795	0
0.040439	-0.036172	0.995865	1.060136	0
0.434575	0.412312	0.629583	0.727073	0
0.989902	0.919893	0.794110	0.865515	1
0.169598	0.079949	0.951286	0.995592	0
0.086506	0.130849	0.872994	0.962625	0
0.256576	0.156583	0.574893	0.576103	0
0.357877	0.278678	0.724393	0.785446	0
0.132743	0.215058	0.710250	0.767033	0
0.048939	0.023660	0.384885	0.481637	0
0.810279	0.712592	0.361197	0.382581	0
0.358599	0.260643	0.401636	0.421749	1
0.580791	0.638046	0.836211	0.918198	0
0.009327	0.005606	0.826113	0.926044	0
0.262469	0.243558	0.995711	1.093907	0
0.408574	0.353000	0.082217	0.165352	1
0.054815	0.148615	0.338792	0.373455	1
0.058666	0.127430	0.696669	0.884476	0
0.267713	0.161594	0.829413	0.998938	0
0.075494	0.196508	0.878351	1.037586	0
0.494145	0.298699	0.688630	0.731063	0
0.562742	0.543725	0.047229	0.246323	1
0.627204	0.512665	0.628021	0.791974	1
0.321248	0.138203	0.637347	0.717935	0
0.809402	0.625288	0.899816	0.977930	1
0.248843	0.090788	0.308390	0.430941	1
0.561278	0.591777	0.363205	0.560865	0
0.448605	0.305155	0.421871	0.561234	1
0.060325	-0.134176	0.689583	0.736158	0
0.382295	0.580134	0.765077	0.794399	0
0.089150	0.175325	0.259223	0.439705	1
0.157201	0.269110	0.821965	0.987725	0
0.626889	0.518160	0.449168	0.617032	0
0.932787	1.130737	0.770416	0.798975	0
0.064798	0.244184	0.579819	0.668254	1
0.192521	0.018051	0.828662	0.926439	0
0.402459	0.418653	0.389939	0.589283	1
0.951191	1.148494	0.838544	0.871275	1
0.196591	0.280184	0.898870	1.080563	0
0.271404	0.210997	0.281165	0.471824	1
0.224569	0.321775	0.370315	0.545103	0
0.866363	0.856013	0.527516	0.727248	1
0.555386	0.750931	0.154405	0.196383	1
0.872431	0.991561	0.087192	0.247841	1
0.826822	0.700758	0.151990	0.307258	1
0.681029	0.493193	0.344511	0.413195	0
0.843626	0.844585	0.746971	0.946968	1
0.369428	0.273116	0.698161	0.873444	0
0.317100	0.170851	0.894753	1.031176	0
0.954357	0.966980	0.166157	0.365758	1
0.356690	0.544955	0.390725	0.458225	1
0.018246	-0.032747	0.257088	0.450478	1
0.501767	0.546830	0.812475	1.007332	0
0.434456	0.530550	0.684905	0.860308	0
0.137562	0.303515	0.511727	0.623351	0
0.420487	0.244039	0.192756	0.286916	1
0.532073	0.722859	0.036382	0.096387	1
0.033598	0.127348	0.405810	0.690785	0
0.373668	0.369822	0.722910	1.022886	0
0.612608	0.758845	0.677267	0.939211	1
0.132712	-0.163170	0.033957	0.083493	1
0.023132	-0.145579	0.052203	0.300269	1
0.441068	0.162963	0.553970	0.666476	0
0.013410	0.260079	0.988426	1.159173	0
0.672943	0.511398	0.125988	0.378779	1
0.484467	0.495542	0.546475	0.846270	1
0.640502	0.685696	0.078548	0.375124	1
0.543508	0.840373	0.112146	0.155400	1
0.144674	0.302913	0.485813	0.740687	0
0.640594	0.507870	0.098421	0.367464	1
0.302670	0.199348	0.231133	0.512779	1
0.355472	0.299519	0.254265	0.549001	1
0.665362	0.965313	0.695334	0.700750	1
0.787726	1.087282	0.708743	0.725060	0
0.594996	0.312309	0.381686	0.482125	1
0.913993	1.054491	0.866153	1.131221	1
0.425747	0.626735	0.506656	0.729374	1
0.973882	1.327878	0.050163	0.236407	1
0.927827	0.725997	0.194838	0.540184	1
0.604683	0.517511	0.835431	1.225817	0
0.958806	1.152830	0.138101	0.487893	1
0.346886	0.732864	0.493573	0.598555	1
0.787169	0.923611	0.158934	0.534945	1
0.781421	0.566607	0.946661	1.284085	0
0.764100	1.000463	0.541657	0.864352	1
0.872767	0.956813	0.455651	0.846721	1
0.527909	0.138681	0.881397	0.973602	0
0.261598	-0.108336	0.855279	1.007427	0
0.107433	-0.107915	0.783107	1.120190	0
0.439082	0.085265	0.387790	0.574375	1
0.869151	0.626551	0.346596	0.664630	1
0.530353	0.843424	0.693482	0.942454	1
0.445821	0.839882	0.480651	0.549323	1
0.056623	0.433710	0.262072	0.395506	1
0.376167	0.293082	0.026172	0.417448	1
0.077398	0.453344	0.898939	1.035558	0
0.644782	0.945197	0.426847	0.690951	1
0.718822	0.911216	0.688446	1.149948	1
0.843025	0.701769	0.795879	1.275511	0
0.162065	0.563433	0.234960	0.533128	1
0.316537	-0.133701	0.104111	0.321565	1
0.609110	1.044743	0.634465	0.879869	1
0.395256	0.123840	0.080286	0.500207	1
0.340336	0.463805	0.136909	0.621424	1
0.232077	0.394921	0.513076	0.985814	0
0.665476	0.672598	0.590473	1.090423	1
0.554525	1.042952	0.235255	0.342208	1
0.324971	0.545543	0.954077	1.512063	0
0.950696	0.793657	0.797102	1.376186	1
0.359529	0.633042	0.959167	1.493199	0
0.156152	0.586736	0.275703	0.693552	1
0.299371	0.094786	0.884813	1.448856	0
0.136072	0.078723	0.280069	0.877322	1
0.453425	0.683155	0.620405	1.281634	0
0.032849	-0.618388	0.852482	1.109174	0
0.638445	1.128744	0.517958	1.150102	1
0.142980	0.931171	0.072482	0.209427	1
