0	0.000000	0.010000	0.000000	0.470000
1	0.000000	0.000000	0.000000	0.000000
2	0.000000	0.000000	0.000000	0.000000
3	0.000000	0.010000	0.000000	0.550000
4	0.000000	0.010000	0.000000	0.330000
5	0.000000	0.010000	0.000000	0.440000
6	0.000000	0.000000	0.000000	0.000000
7	0.000000	0.020000	0.000000	0.960000
8	0.000000	0.000000	0.000000	0.000000
9	0.000000	0.000000	0.000000	0.000000
10	0.000000	0.000000	0.000000	0.000000
11	0.000000	0.020000	0.000000	0.540000
12	0.000000	0.030000	0.000000	0.970000
13	0.000000	0.010000	0.000000	0.290000
14	0.000000	0.040000	0.000000	1.180000
15	0.000000	0.030000	0.000000	0.910000
16	0.000000	0.010000	0.000000	0.310000
17	0.000000	0.060000	0.000000	1.980000
18	0.000000	0.070000	0.000000	2.950000
19	0.000000	0.010000	0.000000	0.500000
20	0.000000	0.020000	0.000000	0.780000
21	0.000000	0.020000	0.000000	0.730000
22	0.000000	0.020000	0.000000	1.050000
23	0.000000	0.030000	0.000000	1.110000
24	0.000000	0.030000	0.000000	1.100000
25	0.000000	0.020000	0.000000	1.000000
26	0.000000	0.020000	0.000000	0.880000
27	0.000000	0.040000	0.000000	1.590000
28	0.000000	0.030000	0.000000	1.170000
29	0.000000	0.020000	0.000000	0.740000
30	0.000000	0.020000	0.000000	0.750000
31	0.000000	0.050000	0.000000	2.030000
32	0.000000	0.050000	0.000000	1.540000
33	0.000000	0.040000	0.000000	1.940000
34	0.000000	0.010000	0.000000	0.420000
35	0.000000	0.060000	0.000000	1.870000
36	0.000000	0.060000	0.000000	2.580000
37	0.000000	0.030000	0.000000	0.750000
38	0.000000	0.080000	0.000000	3.290000
39	0.000000	0.080000	0.000000	3.130000
40	0.000000	0.040000	0.000000	1.580000
41	0.000000	0.030000	0.000000	1.220000
42	0.000000	0.060000	0.000000	2.640000
43	0.000000	0.000000	0.000000	0.000000
44	0.000000	0.040000	0.000000	1.370000
45	0.000000	0.050000	0.000000	1.790000
46	0.000000	0.020000	0.000000	0.750000
47	0.000000	0.030000	0.000000	0.950000
48	0.000000	0.010000	0.000000	0.710000
49	0.000000	0.070000	0.000000	2.400000
50	0.000000	0.030000	0.000000	0.950000
51	0.000000	0.080000	0.000000	2.740000
52	0.000000	0.060000	0.000000	2.080000
53	0.000000	0.020000	0.000000	0.560000
54	0.000000	0.020000	0.000000	0.650000
55	0.000000	0.010000	0.000000	0.410000
56	0.000000	0.020000	0.000000	0.530000
57	0.000000	0.040000	0.000000	1.130000
58	0.000000	0.090000	0.000000	2.740000
59	0.000000	0.060000	0.000000	2.280000
60	0.000000	0.030000	0.000000	1.330000
61	0.000000	0.030000	0.000000	1.090000
62	0.000000	0.060000	0.000000	2.150000
63	0.000000	0.070000	0.000000	2.160000
64	0.000000	0.060000	0.000000	1.990000
65	0.000000	0.050000	0.000000	1.540000
66	0.000000	0.050000	0.000000	1.640000
67	0.000000	0.080000	0.000000	2.810000
68	0.000000	0.070000	0.000000	2.420000
69	0.000000	0.040000	0.000000	1.050000
70	0.000000	0.040000	0.000000	1.260000
71	0.000000	0.040000	0.000000	1.700000
72	0.000000	0.070000	0.000000	2.410000
73	0.000000	0.020000	0.000000	0.450000
74	0.000000	0.070000	0.000000	2.430000
75	0.000000	0.060000	0.000000	2.440000
76	0.000000	0.050000	0.000000	1.560000
77	0.000000	0.040000	0.000000	1.160000
78	0.000000	0.070000	0.000000	2.140000
79	0.000000	0.040000	0.000000	1.640000
80	0.000000	0.060000	0.000000	2.260000
81	0.000000	0.070000	0.000000	2.460000
82	0.000000	0.030000	0.000000	0.940000
83	0.000000	0.030000	0.000000	1.340000
84	0.000000	0.040000	0.000000	1.390000
85	0.000000	0.060000	0.000000	2.110000
86	0.000000	0.050000	0.000000	1.930000
87	0.000000	0.080000	0.000000	2.950000
88	0.000000	0.040000	0.000000	1.190000
89	0.000000	0.080000	0.000000	2.600000
90	0.000000	0.060000	0.000000	1.920000
91	0.000000	0.050000	0.000000	1.840000
92	0.000000	0.040000	0.000000	1.930000
93	0.000000	0.110000	0.000000	3.910000
94	0.000000	0.090000	0.000000	3.350000
95	0.000000	0.040000	0.000000	1.320000
96	0.000000	0.100000	0.000000	3.470000
97	0.000000	0.060000	0.000000	2.270000
98	0.000000	0.070000	0.000000	2.660000
99	0.000000	0.070000	0.000000	2.630000
100	0.000000	0.080000	0.000000	2.720000
101	0.000000	0.080000	0.000000	3.230000
102	0.000000	0.030000	0.000000	0.930000
103	0.000000	0.090000	0.000000	2.930000
104	0.000000	0.070000	0.000000	2.920000
105	0.000000	0.050000	0.000000	1.630000
106	0.000000	0.030000	0.000000	1.000000
107	0.000000	0.040000	0.000000	1.600000
108	0.000000	0.030000	0.000000	0.900000
109	0.000000	0.080000	0.000000	2.710000
110	0.000000	0.040000	0.000000	1.560000
111	0.000000	0.070000	0.000000	2.590000
112	0.000000	0.070000	0.000000	2.280000
113	0.000000	0.050000	0.000000	1.710000
114	0.000000	0.040000	0.000000	1.600000
115	0.000000	0.070000	0.000000	2.680000
116	0.000000	0.090000	0.000000	3.150000
117	0.000000	0.030000	0.000000	1.070000
118	0.000000	0.090000	0.000000	2.960000
119	0.000000	0.030000	0.000000	1.130000
120	0.000000	0.060000	0.000000	2.360000
121	0.000000	0.080000	0.000000	2.720000
122	0.000000	0.050000	0.000000	1.680000
123	0.000000	0.050000	0.000000	1.910000
124	0.000000	0.050000	0.000000	1.740000
125	0.000000	0.040000	0.000000	1.910000
126	0.000000	0.040000	0.000000	0.950000
127	0.000000	0.090000	0.000000	2.760000
128	0.000000	0.060000	0.000000	1.980000
129	0.000000	0.050000	0.000000	1.770000
130	0.000000	0.050000	0.000000	2.270000
131	0.000000	0.100000	0.000000	3.440000
132	0.000000	0.090000	0.000000	3.280000
133	0.000000	0.120000	0.000000	4.320000
134	0.000000	0.090000	0.000000	3.090000
135	0.000000	0.060000	0.000000	2.340000
136	0.000000	0.080000	0.000000	2.760000
137	0.000000	0.060000	0.000000	1.740000
138	0.000000	0.070000	0.000000	2.040000
139	0.000000	0.070000	0.000000	2.330000
140	0.000000	0.040000	0.000000	1.620000
141	0.000000	0.020000	0.000000	0.730000
142	0.000000	0.090000	0.000000	3.080000
143	0.000000	0.060000	0.000000	2.600000
144	0.000000	0.030000	0.000000	1.130000
145	0.000000	0.100000	0.000000	3.390000
146	0.000000	0.080000	0.000000	2.900000
147	0.000000	0.070000	0.000000	2.150000
148	0.000000	0.040000	0.000000	1.340000
149	0.000000	0.040000	0.000000	1.610000
150	0.000000	0.010000	0.000000	0.410000
151	0.000000	0.060000	0.000000	2.210000
152	0.000000	0.090000	0.000000	2.790000
153	0.000000	0.050000	0.000000	1.960000
154	0.000000	0.070000	0.000000	2.660000
155	0.000000	0.080000	0.000000	2.990000
156	0.000000	0.070000	0.000000	1.890000
157	0.000000	0.070000	0.000000	2.680000
158	0.000000	0.060000	0.000000	2.920000
159	0.000000	0.070000	0.000000	2.630000
160	0.000000	0.090000	0.000000	3.120000
161	0.000000	0.080000	0.000000	2.960000
162	0.000000	0.050000	0.000000	2.470000
163	0.000000	0.030000	0.000000	1.100000
164	0.000000	0.130000	0.000000	4.560000
165	0.000000	0.090000	0.000000	3.110000
166	0.000000	0.040000	0.000000	1.330000
167	0.000000	0.040000	0.000000	1.720000
168	0.000000	0.030000	0.000000	1.080000
169	0.000000	0.060000	0.000000	1.600000
170	0.000000	0.080000	0.000000	2.790000
171	0.000000	0.040000	0.000000	1.440000
172	0.000000	0.080000	0.000000	2.540000
173	0.000000	0.110000	0.000000	3.120000
174	0.000000	0.070000	0.000000	2.590000
175	0.000000	0.050000	0.000000	1.540000
176	0.000000	0.080000	0.000000	2.800000
177	0.000000	0.070000	0.000000	2.800000
178	0.000000	0.080000	0.000000	3.010000
179	0.000000	0.120000	0.000000	4.290000
180	0.000000	0.130000	0.000000	4.520000
181	0.000000	0.050000	0.000000	1.950000
182	0.000000	0.050000	0.000000	1.680000
183	0.000000	0.100000	0.000000	3.590000
184	0.000000	0.110000	0.000000	4.230000
185	0.000000	0.030000	0.000000	1.010000
186	0.000000	0.060000	0.000000	2.420000
187	0.000000	0.080000	0.000000	2.270000
188	0.000000	0.040000	0.000000	1.410000
189	0.000000	0.040000	0.000000	1.810000
190	0.000000	0.050000	0.000000	1.660000
191	0.000000	0.040000	0.000000	1.260000
192	0.000000	0.040000	0.000000	1.440000
193	0.000000	0.030000	0.000000	0.890000
194	0.000000	0.080000	0.000000	2.240000
195	0.000000	0.050000	0.000000	1.980000
196	0.000000	0.070000	0.000000	2.500000
197	0.000000	0.070000	0.000000	2.040000
198	0.000000	0.060000	0.000000	2.060000
199	0.000000	0.060000	0.000000	2.220000
200	0.000000	0.090000	0.000000	2.810000
201	0.000000	0.060000	0.000000	2.000000
202	0.000000	0.090000	0.000000	3.370000
203	0.000000	0.060000	0.000000	1.680000
204	0.000000	0.080000	0.000000	2.610000
205	0.000000	0.040000	0.000000	1.210000
206	0.000000	0.070000	0.000000	2.240000
207	0.000000	0.080000	0.000000	3.080000
208	0.000000	0.060000	0.000000	2.190000
209	0.000000	0.010000	0.000000	0.310000
210	0.000000	0.060000	0.000000	2.030000
211	0.000000	0.080000	0.000000	3.160000
212	0.000000	0.070000	0.000000	2.880000
213	0.000000	0.100000	0.000000	3.930000
214	0.000000	0.050000	0.000000	1.660000
215	0.000000	0.110000	0.000000	4.390000
216	0.000000	0.090000	0.000000	3.580000
217	0.000000	0.060000	0.000000	1.910000
218	0.000000	0.030000	0.000000	0.850000
219	0.000000	0.040000	0.000000	1.880000
220	0.000000	0.030000	0.000000	1.070000
221	0.000000	0.040000	0.000000	1.600000
222	0.000000	0.070000	0.000000	2.860000
223	0.000000	0.080000	0.000000	2.840000
224	0.000000	0.040000	0.000000	1.510000
225	0.000000	0.030000	0.000000	1.000000
226	0.000000	0.050000	0.000000	1.960000
227	0.000000	0.100000	0.000000	3.810000
228	0.000000	0.050000	0.000000	1.820000
229	0.000000	0.110000	0.000000	3.970000
230	0.000000	0.050000	0.000000	1.850000
231	0.000000	0.040000	0.000000	1.250000
232	0.000000	0.070000	0.000000	2.630000
233	0.000000	0.080000	0.000000	3.210000
234	0.000000	0.070000	0.000000	2.500000
235	0.000000	0.020000	0.000000	0.770000
236	0.000000	0.100000	0.000000	3.250000
237	0.000000	0.070000	0.000000	2.130000
238	0.000000	0.070000	0.000000	2.380000
239	0.000000	0.030000	0.000000	1.100000
240	0.000000	0.100000	0.000000	3.990000
241	0.000000	0.060000	0.000000	2.740000
242	0.000000	0.010000	0.000000	0.320000
243	0.000000	0.010000	0.000000	0.390000
244	0.000000	0.050000	0.000000	1.330000
245	0.000000	0.070000	0.000000	2.620000
246	0.000000	0.070000	0.000000	2.730000
247	0.000000	0.040000	0.000000	1.320000
248	0.000000	0.050000	0.000000	2.060000
249	0.000000	0.080000	0.000000	3.270000
250	0.000000	0.080000	0.000000	3.010000
251	0.000000	0.100000	0.000000	3.820000
252	0.000000	0.030000	0.000000	0.920000
253	0.000000	0.050000	0.000000	1.660000
254	0.000000	0.050000	0.000000	2.000000
255	0.000000	0.020000	0.000000	0.800000
256	0.000000	0.070000	0.000000	1.910000
257	0.000000	0.090000	0.000000	2.960000
258	0.000000	0.030000	0.000000	0.890000
259	0.000000	0.040000	0.000000	1.300000
260	0.000000	0.070000	0.000000	2.430000
261	0.000000	0.060000	0.000000	1.880000
262	0.000000	0.080000	0.000000	2.390000
263	0.000000	0.050000	0.000000	2.170000
264	0.000000	0.070000	0.000000	2.540000
265	0.000000	0.070000	0.000000	2.330000
266	0.000000	0.080000	0.000000	3.930000
267	0.000000	0.070000	0.000000	2.650000
268	0.000000	0.050000	0.000000	1.920000
269	0.000000	0.050000	0.000000	1.580000
270	0.000000	0.040000	0.000000	1.660000
271	0.000000	0.060000	0.000000	2.550000
272	0.000000	0.080000	0.000000	2.940000
273	0.000000	0.080000	0.000000	3.430000
274	0.000000	0.140000	0.000000	6.110000
275	0.000000	0.040000	0.000000	1.380000
276	0.000000	0.070000	0.000000	2.700000
277	0.000000	0.050000	0.000000	2.050000
278	0.000000	0.080000	0.000000	2.820000
279	0.000000	0.040000	0.000000	1.320000
280	0.000000	0.060000	0.000000	2.070000
281	0.000000	0.060000	0.000000	2.120000
282	0.000000	0.050000	0.000000	2.400000
283	0.000000	0.050000	0.000000	1.390000
284	0.000000	0.060000	0.000000	1.710000
285	0.000000	0.070000	0.000000	2.140000
286	0.000000	0.040000	0.000000	1.890000
287	0.000000	0.030000	0.000000	0.730000
288	0.000000	0.060000	0.000000	1.920000
289	0.000000	0.040000	0.000000	1.520000
290	0.000000	0.060000	0.000000	2.070000
291	0.000000	0.060000	0.000000	1.860000
292	0.000000	0.120000	0.000000	4.170000
293	0.000000	0.080000	0.000000	3.110000
294	0.000000	0.030000	0.000000	0.960000
295	0.000000	0.060000	0.000000	1.760000
296	0.000000	0.080000	0.000000	3.250000
297	0.000000	0.050000	0.000000	1.540000
298	0.000000	0.050000	0.000000	1.570000
299	0.000000	0.060000	0.000000	1.990000
300	0.000000	0.030000	0.000000	1.020000
301	0.000000	0.070000	0.000000	2.530000
302	0.000000	0.030000	0.000000	0.860000
303	0.000000	0.050000	0.000000	1.840000
304	0.000000	0.060000	0.000000	2.190000
305	0.000000	0.040000	0.000000	1.490000
306	0.000000	0.070000	0.000000	2.020000
307	0.000000	0.090000	0.000000	3.510000
308	0.000000	0.050000	0.000000	1.980000
309	0.000000	0.090000	0.000000	3.550000
310	0.000000	0.070000	0.000000	2.620000
311	0.000000	0.060000	0.000000	2.070000
312	0.000000	0.040000	0.000000	1.050000
313	0.000000	0.100000	0.000000	3.830000
314	0.000000	0.160000	0.000000	6.110000
315	0.000000	0.110000	0.000000	4.080000
316	0.000000	0.060000	0.000000	2.070000
317	0.000000	0.060000	0.000000	2.140000
318	0.000000	0.060000	0.000000	1.720000
319	0.000000	0.070000	0.000000	2.650000
320	0.000000	0.060000	0.000000	1.960000
321	0.000000	0.050000	0.000000	1.940000
322	0.000000	0.060000	0.000000	2.320000
323	0.000000	0.050000	0.000000	1.520000
324	0.000000	0.060000	0.000000	2.190000
325	0.000000	0.090000	0.000000	3.470000
326	0.000000	0.060000	0.000000	2.370000
327	0.000000	0.060000	0.000000	2.700000
328	0.000000	0.070000	0.000000	2.680000
329	0.000000	0.090000	0.000000	3.200000
330	0.000000	0.060000	0.000000	2.300000
331	0.000000	0.020000	0.000000	0.960000
332	0.000000	0.060000	0.000000	1.940000
333	0.000000	0.030000	0.000000	1.130000
334	0.000000	0.060000	0.000000	2.000000
335	0.000000	0.080000	0.000000	2.680000
336	0.000000	0.090000	0.000000	3.250000
337	0.000000	0.090000	0.000000	3.230000
338	0.000000	0.060000	0.000000	2.580000
339	0.000000	0.020000	0.000000	0.730000
340	0.000000	0.100000	0.000000	3.950000
341	0.000000	0.120000	0.000000	4.160000
342	0.000000	0.070000	0.000000	2.930000
343	0.000000	0.060000	0.000000	1.820000
344	0.000000	0.110000	0.000000	4.290000
345	0.000000	0.050000	0.000000	2.070000
346	0.000000	0.060000	0.000000	2.210000
347	0.000000	0.070000	0.000000	2.670000
348	0.000000	0.100000	0.000000	3.700000
349	0.000000	0.040000	0.000000	1.090000
350	0.000000	0.020000	0.000000	0.610000
351	0.000000	0.030000	0.000000	1.190000
352	0.000000	0.060000	0.000000	2.110000
353	0.000000	0.070000	0.000000	2.400000
354	0.000000	0.080000	0.000000	3.050000
355	0.000000	0.070000	0.000000	2.770000
356	0.000000	0.070000	0.000000	2.240000
357	0.000000	0.030000	0.000000	0.850000
358	0.000000	0.050000	0.000000	1.490000
359	0.000000	0.060000	0.000000	2.610000
360	0.000000	0.080000	0.000000	3.130000
361	0.000000	0.080000	0.000000	3.360000
362	0.000000	0.090000	0.000000	2.610000
363	0.000000	0.070000	0.000000	2.270000
364	0.000000	0.060000	0.000000	2.260000
365	0.000000	0.100000	0.000000	3.690000
366	0.000000	0.070000	0.000000	2.350000
367	0.000000	0.070000	0.000000	2.470000
368	0.000000	0.010000	0.000000	0.240000
369	0.000000	0.050000	0.000000	1.790000
370	0.000000	0.080000	0.000000	2.790000
371	0.000000	0.150000	0.000000	5.740000
372	0.000000	0.070000	0.000000	3.090000
373	0.000000	0.100000	0.000000	3.750000
374	0.000000	0.070000	0.000000	2.550000
375	0.000000	0.070000	0.000000	2.820000
376	0.000000	0.080000	0.000000	3.130000
377	0.000000	0.020000	0.000000	0.810000
378	0.000000	0.110000	0.000000	3.680000
379	0.000000	0.040000	0.000000	1.470000
380	0.000000	0.050000	0.000000	2.390000
381	0.000000	0.040000	0.000000	1.670000
382	0.000000	0.030000	0.000000	1.050000
383	0.000000	0.050000	0.000000	1.920000
384	0.000000	0.090000	0.000000	3.590000
385	0.000000	0.070000	0.000000	3.140000
386	0.000000	0.040000	0.000000	1.600000
387	0.000000	0.020000	0.000000	0.710000
388	0.000000	0.040000	0.000000	1.660000
389	0.000000	0.080000	0.000000	3.150000
390	0.000000	0.050000	0.000000	1.740000
391	0.000000	0.060000	0.000000	2.790000
392	0.000000	0.090000	0.000000	3.570000
393	0.000000	0.080000	0.000000	3.100000
394	0.000000	0.080000	0.000000	2.810000
395	0.000000	0.070000	0.000000	2.730000
396	0.000000	0.050000	0.000000	1.810000
397	0.000000	0.040000	0.000000	1.290000
398	0.000000	0.030000	0.000000	1.200000
399	0.000000	0.030000	0.000000	1.050000
400	0.000000	0.040000	0.000000	1.500000
401	0.000000	0.030000	0.000000	1.310000
402	0.000000	0.070000	0.000000	3.240000
403	0.000000	0.060000	0.000000	2.140000
404	0.000000	0.080000	0.000000	3.090000
405	0.000000	0.070000	0.000000	2.410000
406	0.000000	0.050000	0.000000	1.500000
407	0.000000	0.120000	0.000000	3.960000
408	0.000000	0.110000	0.000000	3.990000
409	0.000000	0.070000	0.000000	2.780000
410	0.000000	0.000000	0.000000	0.000000
411	0.000000	0.050000	0.000000	1.560000
412	0.000000	0.080000	0.000000	3.150000
413	0.000000	0.120000	0.000000	4.140000
414	0.000000	0.100000	0.000000	3.370000
415	0.000000	0.080000	0.000000	2.430000
416	0.000000	0.100000	0.000000	4.050000
417	0.000000	0.080000	0.000000	2.550000
418	0.000000	0.070000	0.000000	2.750000
419	0.000000	0.090000	0.000000	4.130000
420	0.000000	0.130000	0.000000	4.800000
421	0.000000	0.030000	0.000000	1.000000
422	0.000000	0.080000	0.000000	2.740000
423	0.000000	0.030000	0.000000	1.000000
424	0.000000	0.040000	0.000000	1.400000
425	0.000000	0.080000	0.000000	3.430000
426	0.000000	0.060000	0.000000	2.270000
427	0.000000	0.060000	0.000000	2.400000
428	0.000000	0.060000	0.000000	2.060000
429	0.000000	0.070000	0.000000	2.500000
430	0.000000	0.040000	0.000000	1.860000
431	0.000000	0.090000	0.000000	3.260000
432	0.000000	0.050000	0.000000	1.730000
433	0.000000	0.060000	0.000000	2.120000
434	0.000000	0.060000	0.000000	2.080000
435	0.000000	0.090000	0.000000	3.510000
436	0.000000	0.100000	0.000000	3.560000
437	0.000000	0.090000	0.000000	3.340000
438	0.000000	0.020000	0.000000	0.620000
439	0.000000	0.060000	0.000000	2.440000
440	0.000000	0.090000	0.000000	3.130000
441	0.000000	0.070000	0.000000	2.680000
442	0.000000	0.080000	0.000000	3.100000
443	0.000000	0.050000	0.000000	2.030000
444	0.000000	0.060000	0.000000	2.710000
445	0.000000	0.020000	0.000000	0.630000
446	0.000000	0.040000	0.000000	1.860000
447	0.000000	0.040000	0.000000	1.450000
448	0.000000	0.050000	0.000000	1.860000
449	0.000000	0.080000	0.000000	3.130000
450	0.000000	0.100000	0.000000	3.970000
451	0.000000	0.040000	0.000000	1.520000
452	0.000000	0.060000	0.000000	3.070000
453	0.000000	0.030000	0.000000	1.370000
454	0.000000	0.070000	0.000000	2.800000
455	0.000000	0.080000	0.000000	2.870000
456	0.000000	0.080000	0.000000	2.870000
457	0.000000	0.060000	0.000000	2.780000
458	0.000000	0.090000	0.000000	3.090000
459	0.000000	0.080000	0.000000	2.770000
460	0.000000	0.090000	0.000000	3.290000
461	0.000000	0.050000	0.000000	1.690000
462	0.000000	0.090000	0.000000	3.060000
463	0.000000	0.090000	0.000000	2.970000
464	0.000000	0.080000	0.000000	2.810000
465	0.000000	0.070000	0.000000	2.250000
466	0.000000	0.080000	0.000000	3.460000
467	0.000000	0.010000	0.000000	0.430000
468	0.000000	0.070000	0.000000	2.290000
469	0.000000	0.050000	0.000000	1.970000
470	0.000000	0.050000	0.000000	1.660000
471	0.000000	0.030000	0.000000	0.910000
472	0.000000	0.060000	0.000000	2.310000
473	0.000000	0.050000	0.000000	2.630000
474	0.000000	0.040000	0.000000	1.340000
475	0.000000	0.050000	0.000000	1.630000
476	0.000000	0.050000	0.000000	1.810000
477	0.000000	0.070000	0.000000	2.260000
478	0.000000	0.090000	0.000000	3.040000
479	0.000000	0.060000	0.000000	2.350000
480	0.000000	0.080000	0.000000	2.840000
481	0.000000	0.140000	0.000000	5.610000
482	0.000000	0.070000	0.000000	2.240000
483	0.000000	0.130000	0.000000	5.010000
484	0.000000	0.080000	0.000000	2.990000
485	0.000000	0.060000	0.000000	2.250000
486	0.000000	0.050000	0.000000	2.020000
487	0.000000	0.070000	0.000000	2.260000
488	0.000000	0.070000	0.000000	3.120000
489	0.000000	0.090000	0.000000	3.560000
490	0.000000	0.040000	0.000000	1.540000
491	0.000000	0.040000	0.000000	1.020000
492	0.000000	0.050000	0.000000	1.380000
493	0.000000	0.080000	0.000000	2.470000
494	0.000000	0.050000	0.000000	1.680000
495	0.000000	0.020000	0.000000	0.780000
496	0.000000	0.060000	0.000000	2.360000
497	0.000000	0.080000	0.000000	2.800000
498	0.000000	0.070000	0.000000	2.890000
499	0.000000	0.050000	0.000000	1.980000
500	0.000000	0.050000	0.000000	2.460000
501	0.000000	0.060000	0.000000	2.520000
502	0.000000	0.070000	0.000000	2.440000
503	0.000000	0.030000	0.000000	1.100000
504	0.000000	0.020000	0.000000	0.740000
505	0.000000	0.040000	0.000000	1.330000
506	0.000000	0.030000	0.000000	1.400000
507	0.000000	0.040000	0.000000	1.320000
508	0.000000	0.080000	0.000000	2.740000
509	0.000000	0.060000	0.000000	2.510000
510	0.000000	0.020000	0.000000	0.890000
511	0.000000	0.090000	0.000000	3.570000
512	0.000000	0.050000	0.000000	2.480000
513	0.000000	0.060000	0.000000	2.110000
514	0.000000	0.070000	0.000000	2.770000
515	0.000000	0.100000	0.000000	3.770000
516	0.000000	0.090000	0.000000	3.570000
517	0.000000	0.030000	0.000000	1.260000
518	0.000000	0.050000	0.000000	2.210000
519	0.000000	0.090000	0.000000	3.110000
520	0.000000	0.130000	0.000000	5.090000
521	0.000000	0.100000	0.000000	3.610000
522	0.000000	0.060000	0.000000	1.720000
523	0.000000	0.060000	0.000000	2.140000
524	0.000000	0.090000	0.000000	3.730000
525	0.000000	0.080000	0.000000	3.420000
526	0.000000	0.070000	0.000000	2.960000
527	0.000000	0.050000	0.000000	1.380000
528	0.000000	0.030000	0.000000	1.240000
529	0.000000	0.070000	0.000000	2.400000
530	0.000000	0.020000	0.000000	0.870000
531	0.000000	0.070000	0.000000	2.770000
532	0.000000	0.080000	0.000000	2.870000
533	0.000000	0.110000	0.000000	3.530000
534	0.000000	0.060000	0.000000	1.690000
535	0.000000	0.070000	0.000000	1.860000
536	0.000000	0.010000	0.000000	0.290000
537	0.000000	0.070000	0.000000	2.690000
538	0.000000	0.040000	0.000000	1.180000
539	0.000000	0.080000	0.000000	2.640000
540	0.000000	0.050000	0.000000	1.840000
541	0.000000	0.060000	0.000000	1.980000
542	0.000000	0.030000	0.000000	1.010000
543	0.000000	0.040000	0.000000	1.630000
544	0.000000	0.020000	0.000000	0.680000
545	0.000000	0.050000	0.000000	2.510000
546	0.000000	0.070000	0.000000	2.770000
547	0.000000	0.080000	0.000000	2.580000
548	0.000000	0.060000	0.000000	2.160000
549	0.000000	0.030000	0.000000	1.060000
550	0.000000	0.010000	0.000000	0.220000
551	0.000000	0.020000	0.000000	0.510000
552	0.000000	0.060000	0.000000	1.980000
553	0.000000	0.060000	0.000000	2.030000
554	0.000000	0.050000	0.000000	1.420000
555	0.000000	0.030000	0.000000	0.830000
556	0.000000	0.030000	0.000000	1.220000
557	0.000000	0.050000	0.000000	1.500000
558	0.000000	0.070000	0.000000	2.810000
559	0.000000	0.020000	0.000000	0.950000
560	0.000000	0.060000	0.000000	2.480000
561	0.000000	0.060000	0.000000	2.030000
562	0.000000	0.080000	0.000000	2.700000
563	0.000000	0.030000	0.000000	1.360000
564	0.000000	0.040000	0.000000	1.820000
565	0.000000	0.050000	0.000000	1.790000
566	0.000000	0.070000	0.000000	2.630000
567	0.000000	0.070000	0.000000	2.680000
568	0.000000	0.100000	0.000000	4.040000
569	0.000000	0.080000	0.000000	2.660000
570	0.000000	0.090000	0.000000	2.460000
571	0.000000	0.040000	0.000000	1.090000
572	0.000000	0.060000	0.000000	2.720000
573	0.000000	0.050000	0.000000	2.040000
574	0.000000	0.040000	0.000000	1.680000
575	0.000000	0.020000	0.000000	0.490000
576	0.000000	0.040000	0.000000	1.500000
577	0.000000	0.060000	0.000000	1.900000
578	0.000000	0.070000	0.000000	2.110000
579	0.000000	0.070000	0.000000	2.900000
580	0.000000	0.060000	0.000000	1.870000
581	0.000000	0.060000	0.000000	2.180000
582	0.000000	0.010000	0.000000	0.250000
583	0.000000	0.070000	0.000000	2.830000
584	0.000000	0.050000	0.000000	1.800000
585	0.000000	0.120000	0.000000	3.850000
586	0.000000	0.040000	0.000000	1.240000
587	0.000000	0.110000	0.000000	3.660000
588	0.000000	0.030000	0.000000	1.450000
589	0.000000	0.050000	0.000000	1.690000
590	0.000000	0.040000	0.000000	1.830000
591	0.000000	0.010000	0.000000	0.640000
592	0.000000	0.050000	0.000000	2.310000
593	0.000000	0.060000	0.000000	2.190000
594	0.000000	0.080000	0.000000	2.900000
595	0.000000	0.050000	0.000000	1.730000
596	0.000000	0.030000	0.000000	1.020000
597	0.000000	0.080000	0.000000	2.680000
598	0.000000	0.050000	0.000000	1.750000
599	0.000000	0.090000	0.000000	3.130000
600	0.000000	0.060000	0.000000	1.970000
601	0.000000	0.050000	0.000000	2.170000
602	0.000000	0.050000	0.000000	1.950000
603	0.000000	0.080000	0.000000	3.470000
604	0.000000	0.050000	0.000000	2.410000
605	0.000000	0.130000	0.000000	4.910000
606	0.000000	0.040000	0.000000	1.120000
607	0.000000	0.090000	0.000000	2.540000
608	0.000000	0.030000	0.000000	1.310000
609	0.000000	0.030000	0.000000	1.300000
610	0.000000	0.060000	0.000000	2.210000
611	0.000000	0.050000	0.000000	1.920000
612	0.000000	0.030000	0.000000	1.110000
613	0.000000	0.110000	0.000000	3.970000
614	0.000000	0.070000	0.000000	2.410000
615	0.000000	0.090000	0.000000	2.750000
616	0.000000	0.100000	0.000000	3.530000
617	0.000000	0.080000	0.000000	2.510000
618	0.000000	0.090000	0.000000	2.980000
619	0.000000	0.060000	0.000000	1.880000
620	0.000000	0.070000	0.000000	2.020000
621	0.000000	0.100000	0.000000	3.040000
622	0.000000	0.130000	0.000000	4.590000
623	0.000000	0.060000	0.000000	2.100000
624	0.000000	0.050000	0.000000	1.550000
625	0.010000	0.070000	0.320000	1.860000
626	0.010000	0.070000	0.330000	2.110000
627	0.010000	0.100000	0.330000	3.780000
628	0.010000	0.050000	0.340000	2.010000
629	0.010000	0.050000	0.350000	1.710000
630	0.010000	0.080000	0.370000	2.670000
631	0.010000	0.070000	0.380000	2.260000
632	0.010000	0.050000	0.380000	1.940000
633	0.010000	0.020000	0.410000	0.530000
634	0.010000	0.080000	0.430000	3.200000
635	0.010000	0.100000	0.460000	4.120000
636	0.010000	0.130000	0.460000	5.010000
637	0.010000	0.080000	0.490000	3.190000
638	0.010000	0.050000	0.510000	1.330000
639	0.010000	0.080000	0.520000	2.660000
640	0.010000	0.080000	0.550000	2.680000
641	0.010000	0.060000	0.590000	1.850000
642	0.010000	0.070000	0.600000	1.960000
643	0.010000	0.110000	0.630000	3.720000
644	0.010000	0.070000	0.640000	2.380000
645	0.010000	0.120000	0.640000	4.460000
646	0.010000	0.130000	0.670000	4.140000
647	0.010000	0.110000	0.710000	4.000000
648	0.010000	0.090000	0.730000	2.970000
649	0.010000	0.090000	0.750000	2.770000
650	0.010000	0.060000	0.760000	2.200000
651	0.010000	0.040000	0.770000	0.970000
652	0.010000	0.070000	0.770000	2.100000
653	0.010000	0.060000	0.800000	2.160000
654	0.010000	0.080000	0.800000	2.500000
655	0.010000	0.020000	0.800000	0.360000
656	0.010000	0.080000	0.810000	2.550000
657	0.010000	0.080000	0.820000	2.370000
658	0.010000	0.060000	0.820000	1.540000
659	0.010000	0.060000	0.830000	1.970000
660	0.010000	0.110000	0.830000	4.520000
661	0.010000	0.050000	0.830000	1.480000
662	0.010000	0.070000	0.850000	2.310000
663	0.010000	0.060000	0.860000	1.910000
664	0.010000	0.100000	0.870000	3.580000
665	0.010000	0.070000	0.870000	2.550000
666	0.010000	0.100000	0.880000	2.840000
667	0.010000	0.030000	0.880000	0.680000
668	0.010000	0.070000	0.890000	1.730000
669	0.010000	0.100000	0.890000	2.690000
670	0.010000	0.120000	0.890000	3.540000
671	0.010000	0.100000	0.890000	3.200000
672	0.010000	0.110000	0.900000	3.600000
673	0.010000	0.080000	0.900000	3.130000
674	0.010000	0.090000	0.910000	2.870000
675	0.010000	0.070000	0.910000	2.150000
676	0.010000	0.060000	0.910000	2.510000
677	0.010000	0.060000	0.910000	1.610000
678	0.010000	0.080000	0.930000	2.730000
679	0.010000	0.080000	0.950000	2.790000
680	0.010000	0.110000	0.950000	3.570000
681	0.010000	0.090000	0.950000	2.880000
682	0.010000	0.080000	0.950000	2.300000
683	0.010000	0.110000	0.950000	3.600000
684	0.010000	0.080000	0.950000	2.790000
685	0.010000	0.120000	0.960000	3.950000
686	0.010000	0.070000	0.960000	2.260000
687	0.010000	0.080000	0.960000	2.790000
688	0.010000	0.080000	0.960000	2.450000
689	0.010000	0.060000	0.960000	2.060000
690	0.010000	0.030000	0.960000	0.820000
691	0.010000	0.040000	0.960000	0.870000
692	0.010000	0.080000	0.960000	2.730000
693	0.010000	0.060000	0.960000	1.870000
694	0.010000	0.100000	0.960000	2.990000
695	0.010000	0.040000	0.960000	-55828906957541736472241328709348161994385554009688281083405792728960034321454887632884019923911444206323616175164779335975459125068027697875687354052109173200008852549717298847246870521547103416595347335281702979186584453120.000000
696	0.010000	0.070000	0.960000	2.280000
697	0.010000	0.050000	0.960000	1.590000
698	0.010000	0.080000	0.960000	2.160000
699	0.010000	0.040000	0.960000	1.260000
700	0.010000	0.070000	0.970000	2.230000
701	0.010000	0.100000	0.970000	2.940000
702	0.010000	0.100000	0.970000	3.210000
703	0.010000	0.150000	0.970000	4.940000
704	0.010000	0.090000	0.970000	2.970000
705	0.010000	0.100000	0.970000	3.230000
706	0.010000	0.080000	0.970000	2.240000
707	0.010000	0.030000	0.980000	0.660000
708	0.010000	0.040000	0.980000	0.920000
709	0.010000	0.060000	0.980000	1.630000
710	0.010000	0.100000	0.980000	2.940000
711	0.010000	0.050000	0.980000	1.400000
712	0.010000	0.090000	1.000000	3.040000
713	0.010000	0.080000	1.000000	2.260000
714	0.010000	0.100000	1.000000	2.830000
715	0.010000	0.080000	1.000000	2.610000
716	0.010000	0.090000	1.000000	2.980000
717	0.010000	0.070000	1.000000	-nan
718	0.010000	0.090000	1.000000	3.080000
719	0.010000	0.050000	1.000000	1.470000
720	0.010000	0.060000	1.000000	1.740000
721	0.010000	0.070000	1.000000	2.280000
722	0.010000	0.100000	1.000000	-nan
723	0.010000	0.110000	1.000000	4.020000
724	0.010000	0.070000	1.000000	2.460000
725	0.010000	0.030000	1.000000	0.660000
726	0.010000	0.040000	1.000000	1.600000
727	0.010000	0.090000	1.000000	3.010000
728	0.010000	0.070000	1.000000	2.100000
729	0.010000	0.110000	1.000000	3.940000
730	0.010000	0.070000	1.000000	-nan
731	0.010000	0.110000	1.000000	3.770000
732	0.010000	0.070000	1.000000	2.040000
733	0.010000	0.080000	1.000000	2.520000
734	0.010000	0.100000	1.000000	3.470000
735	0.010000	0.090000	1.000000	2.890000
736	0.010000	0.060000	1.000000	1.820000
737	0.010000	0.060000	1.000000	1.760000
738	0.010000	0.090000	1.000000	2.810000
739	0.010000	0.050000	1.000000	1.720000
740	0.010000	0.040000	1.000000	0.760000
741	0.010000	0.060000	1.000000	1.940000
742	0.010000	0.110000	1.000000	3.610000
743	0.010000	0.070000	1.000000	2.210000
744	0.010000	0.070000	1.000000	1.900000
745	0.010000	0.090000	1.000000	2.500000
746	0.010000	0.060000	1.000000	1.460000
747	0.010000	0.120000	1.000000	3.460000
748	0.010000	0.070000	1.000000	2.070000
749	0.010000	0.070000	1.000000	1.600000
750	0.010000	0.110000	1.000000	4.150000
751	0.010000	0.070000	1.000000	2.690000
752	0.010000	0.130000	1.000000	4.890000
753	0.010000	0.050000	1.000000	1.300000
754	0.010000	0.080000	1.000000	2.310000
755	0.010000	0.020000	1.000000	0.280000
756	0.010000	0.080000	1.000000	2.490000
757	0.010000	0.050000	1.000000	1.060000
758	0.010000	0.100000	1.000000	2.710000
759	0.010000	0.110000	1.000000	4.150000
760	0.010000	0.080000	1.000000	2.450000
761	0.010000	0.060000	1.000000	1.670000
762	0.010000	0.070000	1.000000	2.490000
763	0.010000	0.080000	1.000000	1.860000
764	0.010000	0.090000	1.000000	2.530000
765	0.010000	0.060000	1.000000	2.090000
766	0.010000	0.090000	1.000000	2.680000
767	0.010000	0.100000	1.000000	2.870000
768	0.010000	0.080000	1.000000	2.240000
769	0.010000	0.040000	1.000000	0.940000
770	0.010000	0.100000	1.000000	3.050000
771	0.010000	0.110000	1.000000	4.010000
772	0.010000	0.100000	1.000000	2.650000
773	0.010000	0.070000	1.000000	2.360000
774	0.010000	0.050000	1.000000	1.670000
775	0.010000	0.070000	1.000000	1.870000
776	0.010000	0.100000	1.000000	2.990000
777	0.010000	0.080000	1.000000	2.340000
778	0.010000	0.080000	1.000000	2.330000
779	0.010000	0.050000	1.000000	1.140000
780	0.010000	0.070000	1.000000	1.940000
781	0.010000	0.060000	1.000000	1.900000
782	0.010000	0.060000	1.000000	2.020000
783	0.010000	0.120000	1.000000	3.990000
784	0.010000	0.070000	1.000000	1.930000
785	0.010000	0.050000	1.000000	1.240000
786	0.010000	0.050000	1.000000	1.290000
787	0.010000	0.030000	1.000000	0.700000
788	0.010000	0.030000	1.000000	0.600000
789	0.010000	0.070000	1.000000	1.920000
790	0.010000	0.070000	1.000000	2.040000
791	0.010000	0.100000	1.000000	3.450000
792	0.010000	0.060000	1.000000	1.900000
793	0.010000	0.090000	1.000000	2.770000
794	0.010000	0.110000	1.000000	2.770000
795	0.010000	0.070000	1.000000	2.610000
796	0.010000	0.040000	1.000000	1.310000
797	0.010000	0.080000	1.000000	2.620000
798	0.010000	0.030000	1.000000	0.890000
799	0.010000	0.080000	1.000000	2.780000
800	0.010000	0.120000	1.000000	4.010000
801	0.010000	0.110000	1.000000	3.750000
802	0.010000	0.110000	1.000000	3.930000
803	0.010000	0.070000	1.000000	2.600000
804	0.010000	0.060000	1.000000	1.660000
805	0.010000	0.100000	1.000000	3.050000
806	0.010000	0.100000	1.000000	2.930000
807	0.010000	0.080000	1.000000	2.230000
808	0.010000	0.060000	1.000000	1.250000
809	0.010000	0.060000	1.000000	2.350000
810	0.010000	0.070000	1.000000	2.700000
811	0.010000	0.050000	1.000000	1.280000
812	0.010000	0.070000	1.000000	2.020000
813	0.010000	0.060000	1.000000	1.640000
814	0.010000	0.060000	1.000000	1.930000
815	0.010000	0.060000	1.000000	1.870000
816	0.010000	0.030000	1.000000	0.850000
817	0.010000	0.110000	1.000000	3.790000
818	0.010000	0.070000	1.000000	1.930000
819	0.010000	0.080000	1.000000	2.830000
820	0.010000	0.100000	1.000000	3.380000
821	0.010000	0.090000	1.000000	2.580000
822	0.010000	0.070000	1.000000	2.010000
823	0.010000	0.050000	1.000000	1.690000
824	0.010000	0.020000	1.000000	0.440000
825	0.010000	0.070000	1.000000	2.060000
826	0.010000	0.080000	1.000000	2.190000
827	0.010000	0.100000	1.000000	3.270000
828	0.010000	0.100000	1.000000	3.250000
829	0.010000	0.100000	1.000000	3.490000
830	0.010000	0.040000	1.000000	1.010000
831	0.010000	0.060000	1.000000	1.750000
832	0.010000	0.050000	1.000000	1.240000
833	0.010000	0.070000	1.000000	1.900000
834	0.010000	0.040000	1.000000	0.880000
835	0.010000	0.080000	1.000000	2.460000
836	0.010000	0.080000	1.000000	2.150000
837	0.010000	0.070000	1.000000	1.890000
838	0.010000	0.110000	1.000000	3.900000
839	0.010000	0.090000	1.000000	2.930000
840	0.010000	0.120000	1.000000	4.220000
841	0.010000	0.070000	1.000000	2.500000
842	0.010000	0.040000	1.000000	1.360000
843	0.010000	0.040000	1.000000	1.250000
844	0.010000	0.040000	1.000000	0.930000
845	0.010000	0.040000	1.000000	1.290000
846	0.010000	0.050000	1.000000	1.130000
847	0.010000	0.050000	1.000000	1.400000
848	0.010000	0.070000	1.000000	2.230000
849	0.010000	0.050000	1.000000	1.330000
850	0.010000	0.080000	1.000000	2.820000
851	0.010000	0.080000	1.000000	2.680000
852	0.010000	0.050000	1.000000	1.560000
853	0.010000	0.060000	1.000000	1.930000
854	0.010000	0.080000	1.000000	2.960000
855	0.010000	0.080000	1.000000	2.670000
856	0.010000	0.080000	1.000000	2.330000
857	0.010000	0.070000	1.000000	2.020000
858	0.010000	0.100000	1.000000	3.300000
859	0.010000	0.020000	1.000000	0.290000
860	0.010000	0.080000	1.000000	2.610000
861	0.010000	0.080000	1.000000	2.140000
862	0.010000	0.070000	1.000000	2.570000
863	0.010000	0.100000	1.000000	3.580000
864	0.010000	0.050000	1.000000	1.480000
865	0.010000	0.040000	1.000000	0.910000
866	0.010000	0.060000	1.000000	1.710000
867	0.010000	0.060000	1.000000	1.740000
868	0.010000	0.080000	1.000000	2.550000
869	0.010000	0.060000	1.000000	2.100000
870	0.010000	0.060000	1.000000	1.570000
871	0.010000	0.070000	1.000000	2.300000
872	0.010000	0.060000	1.000000	1.700000
873	0.010000	0.060000	1.000000	1.980000
874	0.010000	0.050000	1.000000	1.290000
875	0.010000	0.060000	1.000000	1.720000
876	0.010000	0.100000	1.000000	2.970000
877	0.010000	0.030000	1.000000	0.670000
878	0.010000	0.070000	1.000000	2.550000
879	0.010000	0.080000	1.000000	2.660000
880	0.010000	0.080000	1.000000	2.820000
881	0.010000	0.090000	1.000000	2.430000
882	0.010000	0.050000	1.000000	1.750000
883	0.010000	0.090000	1.000000	3.360000
884	0.010000	0.110000	1.000000	3.550000
885	0.010000	0.150000	1.000000	5.260000
886	0.010000	0.060000	1.000000	2.070000
887	0.010000	0.080000	1.000000	3.040000
888	0.010000	0.050000	1.000000	1.480000
889	0.010000	0.110000	1.000000	3.400000
890	0.010000	0.070000	1.000000	2.240000
891	0.010000	0.080000	1.000000	2.310000
892	0.010000	0.060000	1.000000	2.210000
893	0.010000	0.090000	1.000000	3.310000
894	0.010000	0.060000	1.000000	2.060000
895	0.010000	0.060000	1.000000	2.560000
896	0.010000	0.090000	1.000000	3.470000
897	0.010000	0.100000	1.000000	2.970000
898	0.010000	0.080000	1.000000	2.210000
899	0.010000	0.090000	1.000000	2.740000
900	0.010000	0.090000	1.000000	2.700000
901	0.010000	0.050000	1.000000	1.630000
902	0.010000	0.060000	1.000000	1.680000
903	0.010000	0.090000	1.000000	2.570000
904	0.010000	0.050000	1.000000	1.720000
905	0.010000	0.060000	1.000000	2.040000
906	0.010000	0.090000	1.000000	3.180000
907	0.010000	0.060000	1.000000	1.370000
908	0.010000	0.080000	1.000000	2.170000
909	0.010000	0.090000	1.000000	3.120000
910	0.010000	0.060000	1.000000	2.080000
911	0.010000	0.100000	1.000000	3.590000
912	0.010000	0.060000	1.000000	1.540000
913	0.010000	0.070000	1.000000	2.030000
914	0.010000	0.060000	1.000000	2.090000
915	0.010000	0.050000	1.000000	1.750000
916	0.010000	0.080000	1.000000	2.260000
917	0.010000	0.130000	1.000000	4.350000
918	0.010000	0.070000	1.000000	1.910000
919	0.010000	0.080000	1.000000	2.700000
920	0.010000	0.070000	1.000000	2.290000
921	0.010000	0.040000	1.000000	0.910000
922	0.010000	0.100000	1.000000	3.140000
923	0.010000	0.060000	1.000000	2.240000
924	0.010000	0.080000	1.000000	2.770000
925	0.010000	0.070000	1.000000	2.370000
926	0.010000	0.120000	1.000000	4.580000
927	0.010000	0.090000	1.000000	2.800000
928	0.010000	0.060000	1.000000	1.880000
929	0.010000	0.090000	1.000000	2.520000
930	0.010000	0.120000	1.000000	3.550000
931	0.010000	0.040000	1.000000	1.310000
932	0.010000	0.070000	1.000000	2.230000
933	0.010000	0.080000	1.000000	2.960000
934	0.010000	0.080000	1.000000	2.170000
935	0.010000	0.050000	1.000000	1.250000
936	0.010000	0.070000	1.000000	2.170000
937	0.010000	0.060000	1.000000	1.870000
938	0.010000	0.100000	1.000000	2.710000
939	0.010000	0.060000	1.000000	1.780000
940	0.010000	0.080000	1.000000	2.370000
941	0.010000	0.070000	1.000000	1.910000
942	0.010000	0.090000	1.000000	3.120000
943	0.010000	0.100000	1.000000	2.990000
944	0.010000	0.090000	1.000000	2.920000
945	0.010000	0.060000	1.000000	1.530000
946	0.010000	0.090000	1.000000	2.810000
947	0.010000	0.030000	1.000000	0.750000
948	0.010000	0.040000	1.000000	1.250000
949	0.010000	0.060000	1.000000	1.950000
950	0.010000	0.100000	1.000000	3.890000
951	0.010000	0.080000	1.000000	2.160000
952	0.010000	0.080000	1.000000	2.670000
953	0.010000	0.160000	1.000000	5.120000
954	0.010000	0.060000	1.000000	1.580000
955	0.010000	0.110000	1.000000	3.630000
956	0.010000	0.070000	1.000000	2.410000
957	0.010000	0.060000	1.000000	2.300000
958	0.010000	0.060000	1.000000	1.500000
959	0.010000	0.080000	1.000000	2.830000
960	0.010000	0.070000	1.000000	2.250000
961	0.010000	0.040000	1.000000	1.130000
962	0.010000	0.080000	1.000000	2.600000
963	0.010000	0.050000	1.000000	1.230000
964	0.010000	0.110000	1.000000	4.530000
965	0.010000	0.070000	1.000000	2.570000
966	0.010000	0.080000	1.000000	3.150000
967	0.010000	0.080000	1.000000	2.820000
968	0.010000	0.070000	1.000000	2.870000
969	0.010000	0.080000	1.000000	3.010000
970	0.010000	0.110000	1.000000	3.960000
971	0.010000	0.080000	1.000000	2.430000
972	0.010000	0.060000	1.000000	2.140000
973	0.010000	0.120000	1.000000	-nan
974	0.010000	0.120000	1.000000	4.300000
975	0.010000	0.090000	1.000000	3.670000
976	0.010000	0.090000	1.000000	3.670000
977	0.010000	0.120000	1.000000	3.890000
978	0.010000	0.100000	1.000000	3.220000
979	0.010000	0.110000	1.000000	3.610000
980	0.010000	0.100000	1.000000	3.430000
981	0.010000	0.080000	1.000000	2.740000
982	0.010000	0.030000	1.000000	0.650000
983	0.010000	0.100000	1.000000	3.310000
984	0.010000	0.120000	1.000000	3.950000
985	0.010000	0.100000	1.000000	3.300000
986	0.010000	0.050000	1.000000	1.330000
987	0.010000	0.050000	1.000000	1.070000
988	0.010000	0.120000	1.000000	3.900000
989	0.010000	0.080000	1.000000	3.000000
990	0.010000	0.080000	1.000000	3.050000
991	0.010000	0.080000	1.000000	2.890000
992	0.010000	0.020000	1.000000	0.380000
993	0.010000	0.070000	1.000000	1.940000
994	0.010000	0.070000	1.000000	2.750000
995	0.010000	0.070000	1.000000	2.390000
996	0.010000	0.080000	1.000000	2.590000
997	0.010000	0.040000	1.000000	1.260000
998	0.010000	0.090000	1.000000	-nan
999	0.010000	0.100000	1.000000	3.240000
