0	0.060000	0.930000	2.580000	172.730000	1.000000	4.080399	46.164953
1	0.080000	0.930000	3.730000	174.960000	1.000000	4.091964	45.822091
2	0.130000	0.920000	6.320000	171.190000	1.000000	4.080790	45.705168
3	0.170000	0.890000	9.170000	163.020000	1.000000	4.107000	45.648543
4	0.240000	0.850000	13.470000	150.750000	0.999600	4.085508	45.539341
5	0.260000	0.890000	16.100000	153.460000	1.000000	4.074303	45.605060
6	0.300000	0.870000	19.760000	150.760000	0.999600	4.145723	45.971027
7	0.290000	0.860000	21.000000	146.380000	1.000000	4.253019	46.106295
8	0.300000	0.810000	24.090000	134.070000	1.000000	4.293804	46.177522
9	0.330000	0.870000	27.840000	142.730000	1.000000	4.319083	45.987482
10	0.360000	0.820000	31.880000	126.620000	0.999600	4.323826	46.171001
11	0.370000	0.820000	34.970000	124.420000	0.999600	4.410960	46.416519
12	0.380000	0.800000	38.130000	118.130000	0.999600	4.478396	46.228101
13	0.390000	0.800000	41.060000	114.600000	1.000000	4.614447	46.253912
14	0.420000	0.790000	43.930000	107.830000	0.999200	4.584718	46.481387
15	0.440000	0.790000	48.030000	105.900000	0.999200	4.676543	46.571949
16	0.460000	0.730000	51.050000	92.700000	0.998800	4.720582	46.843162
17	0.500000	0.790000	55.570000	101.310000	0.998800	4.772043	46.722563
18	0.530000	0.750000	60.620000	87.470000	0.998000	4.942668	47.046845
19	0.550000	0.700000	64.590000	74.600000	0.999600	5.030093	47.016855
20	0.570000	0.590000	68.490000	47.610000	0.998400	5.084554	46.943905
21	0.580000	0.680000	71.750000	62.080000	0.999200	5.144835	47.264955
22	0.580000	0.640000	74.660000	51.330000	0.998400	5.195850	47.126339
23	0.590000	0.630000	77.480000	47.230000	0.998000	5.225425	47.519131
24	0.610000	0.590000	80.720000	35.320000	0.997600	5.284364	47.836822
25	0.610000	0.560000	83.260000	29.500000	0.998800	5.399326	47.320414
26	0.610000	0.570000	86.010000	27.230000	0.998000	5.395769	47.359950
27	0.600000	0.610000	86.640000	33.890000	0.998000	5.477372	47.471679
28	0.610000	0.530000	88.250000	19.160000	0.998800	5.516181	47.967763
29	0.620000	0.520000	89.360000	16.850000	1.000000	5.533886	47.736323
30	0.630000	0.570000	91.300000	24.660000	0.999600	5.525109	47.722948
31	0.640000	0.630000	94.120000	31.500000	0.996000	5.584255	47.819258
32	0.650000	0.600000	95.330000	26.050000	0.995200	5.604076	47.922736
33	0.660000	0.580000	97.170000	19.180000	0.998000	5.601790	47.716619
34	0.670000	0.590000	98.210000	21.480000	0.998800	5.703046	47.931549
35	0.660000	0.520000	98.390000	5.650000	0.997200	5.760678	48.223300
36	0.680000	0.580000	100.340000	18.050000	0.998000	5.815526	48.049636
37	0.670000	0.570000	100.940000	15.300000	0.999200	5.780315	48.015283
38	0.660000	0.560000	101.090000	12.390000	0.996400	5.859608	48.199834
39	0.650000	0.500000	101.540000	-0.760000	0.995600	5.931383	48.199476
40	0.660000	0.520000	102.920000	1.530000	0.996400	5.883750	47.751272
41	0.650000	0.480000	102.000000	-8.220000	0.996800	5.839294	47.627910
42	0.680000	0.470000	104.620000	-10.170000	0.998800	5.877125	48.044200
43	0.690000	0.510000	107.720000	-7.170000	0.996400	5.884603	48.240186
44	0.700000	0.550000	109.440000	3.180000	0.995600	5.907129	48.182652
45	0.700000	0.550000	110.440000	2.820000	0.996400	6.005368	48.124907
46	0.720000	0.470000	112.550000	-18.830000	0.998000	6.000366	48.474225
47	0.710000	0.520000	112.500000	-7.730000	0.997200	5.998837	48.135988
48	0.700000	0.520000	111.780000	-6.250000	0.998000	6.050676	48.183064
49	0.720000	0.420000	113.690000	-30.030000	0.996800	6.115767	48.401438
50	0.710000	0.470000	113.760000	-18.830000	0.996000	6.190802	48.479080
51	0.720000	0.400000	115.860000	-34.740000	0.996000	6.131465	48.204890
52	0.720000	0.500000	116.520000	-14.860000	0.994800	6.148984	48.314696
53	0.720000	0.530000	116.300000	-6.680000	0.995600	6.169986	48.571886
54	0.750000	0.530000	118.460000	-8.110000	0.995200	6.108421	48.350591
55	0.780000	0.530000	120.370000	-12.500000	0.996000	6.054068	48.529392
56	0.780000	0.430000	119.240000	-33.620000	0.996000	6.120646	48.879320
57	0.780000	0.520000	119.050000	-12.890000	0.996400	6.103951	48.743317
58	0.780000	0.500000	120.710000	-17.500000	0.996000	6.075396	48.599411
59	0.780000	0.440000	121.320000	-31.830000	0.995600	6.116263	48.384088
60	0.780000	0.380000	122.770000	-46.110000	0.996800	6.145866	48.537335
61	0.780000	0.400000	122.940000	-41.510000	0.998400	6.175931	48.375485
62	0.780000	0.500000	123.800000	-21.180000	0.995200	6.240338	48.624168
63	0.800000	0.420000	125.440000	-42.240000	0.996800	6.277184	48.597712
64	0.790000	0.450000	125.290000	-33.520000	0.996800	6.250142	48.239200
65	0.790000	0.440000	125.070000	-35.150000	0.996800	6.318539	48.600591
66	0.790000	0.410000	125.750000	-42.380000	0.995600	6.359920	48.459026
67	0.790000	0.420000	126.380000	-41.230000	0.996800	6.398412	48.575333
68	0.800000	0.380000	127.800000	-51.750000	0.994000	6.404753	48.568046
69	0.800000	0.440000	128.650000	-38.840000	0.996800	6.427091	48.745218
70	0.810000	0.400000	130.480000	-47.670000	0.998800	6.427911	47.991769
71	0.800000	0.390000	129.730000	-50.770000	0.997200	6.431722	48.508722
72	0.780000	0.360000	127.510000	-54.490000	0.995600	6.401365	48.594007
73	0.800000	0.400000	129.600000	-48.320000	0.996400	6.453703	48.444538
74	0.830000	0.390000	131.780000	-51.050000	0.997600	6.466220	48.752380
75	0.830000	0.330000	132.300000	-63.700000	0.995200	6.482544	48.652342
76	0.840000	0.380000	132.700000	-53.990000	0.996000	6.495270	48.708196
77	0.830000	0.380000	132.270000	-53.390000	0.995600	6.535722	48.595300
78	0.800000	0.380000	127.720000	-48.370000	0.996000	6.504541	48.771759
79	0.800000	0.390000	128.890000	-48.920000	0.996000	6.426710	48.781057
80	0.810000	0.400000	129.860000	-48.110000	0.997200	6.411436	48.632562
81	0.810000	0.380000	130.660000	-52.740000	0.997200	6.390821	48.636018
82	0.800000	0.400000	130.320000	-47.050000	0.997600	6.459577	48.740780
83	0.810000	0.390000	131.960000	-50.920000	0.994000	6.498982	48.833089
84	0.810000	0.330000	130.630000	-62.770000	0.994400	6.450615	48.726484
85	0.820000	0.400000	132.380000	-50.310000	0.995200	6.506886	48.625187
86	0.820000	0.430000	134.050000	-45.040000	0.994800	6.489966	49.069970
87	0.830000	0.380000	135.180000	-58.540000	0.996400	6.454858	48.732122
88	0.830000	0.310000	135.360000	-72.480000	0.998000	6.497507	48.787581
89	0.830000	0.320000	136.230000	-71.600000	0.994800	6.540758	49.174464
90	0.810000	0.330000	132.910000	-64.660000	0.994800	6.522211	48.961214
91	0.820000	0.380000	135.330000	-55.880000	0.994800	6.493943	48.987584
92	0.830000	0.360000	136.010000	-61.810000	0.993600	6.485045	48.815431
93	0.840000	0.350000	137.910000	-65.820000	0.994400	6.548661	49.091617
94	0.820000	0.350000	135.040000	-62.040000	0.996000	6.571333	49.012083
95	0.800000	0.320000	132.320000	-67.060000	0.996400	6.574383	48.706337
96	0.790000	0.340000	131.860000	-63.120000	0.996000	6.558642	48.714487
97	0.790000	0.330000	133.230000	-64.890000	0.996000	6.532311	48.757337
98	0.770000	0.320000	128.910000	-62.910000	0.996000	6.501300	48.790775
99	0.800000	0.410000	131.830000	-46.660000	0.994400	6.524276	49.016080
100	0.800000	0.360000	131.570000	-56.950000	0.994400	6.520696	48.876716
101	0.800000	0.400000	132.240000	-50.740000	0.996800	6.500060	48.717516
102	0.810000	0.370000	133.330000	-57.220000	0.995600	6.504462	48.694128
103	0.820000	0.420000	134.150000	-46.160000	0.996000	6.455865	48.842103
104	0.800000	0.370000	131.550000	-56.450000	0.996400	6.455098	48.775823
105	0.830000	0.370000	134.030000	-57.530000	0.997200	6.468900	48.779946
106	0.820000	0.460000	133.170000	-35.870000	0.996800	6.480567	48.865120
107	0.820000	0.340000	134.460000	-65.110000	0.996000	6.533185	48.859012
108	0.810000	0.400000	134.210000	-50.700000	0.995600	6.547018	49.042798
109	0.810000	0.360000	134.780000	-60.620000	0.992800	6.514236	48.625628
110	0.810000	0.370000	135.080000	-58.150000	0.996400	6.513978	49.020782
111	0.810000	0.360000	134.660000	-59.430000	0.996800	6.476561	48.936790
112	0.800000	0.410000	132.120000	-46.820000	0.995600	6.445313	48.923648
113	0.820000	0.430000	134.360000	-44.490000	0.993200	6.357481	48.891677
114	0.810000	0.440000	133.520000	-42.680000	0.996800	6.358259	48.856929
115	0.810000	0.420000	134.650000	-47.930000	0.994800	6.419964	48.740835
116	0.820000	0.420000	136.560000	-49.720000	0.994000	6.456936	49.120156
117	0.830000	0.390000	135.520000	-54.400000	0.994000	6.519664	49.169899
118	0.810000	0.390000	133.500000	-53.090000	0.994800	6.502552	48.772188
119	0.810000	0.390000	134.380000	-53.220000	0.994000	6.437000	48.900589
120	0.820000	0.360000	134.740000	-59.120000	0.996800	6.382932	48.875585
121	0.830000	0.380000	135.340000	-57.010000	0.995600	6.399594	48.715050
122	0.840000	0.320000	134.110000	-68.190000	0.996400	6.402111	48.760768
123	0.850000	0.340000	136.100000	-65.850000	0.997600	6.394061	48.727833
124	0.860000	0.440000	136.850000	-46.430000	0.996000	6.407452	48.663978
125	0.870000	0.430000	137.550000	-48.880000	0.994800	6.423871	48.704059
126	0.880000	0.380000	139.060000	-62.550000	0.994800	6.433482	48.819643
127	0.870000	0.340000	138.200000	-69.210000	0.994400	6.450468	48.896954
128	0.860000	0.360000	137.710000	-62.930000	0.996400	6.523135	48.987631
129	0.880000	0.380000	140.800000	-63.920000	0.995600	6.498530	48.911103
130	0.860000	0.390000	138.270000	-58.680000	0.994000	6.530821	49.025744
131	0.860000	0.370000	137.020000	-62.900000	0.996400	6.505361	48.721946
132	0.880000	0.340000	139.810000	-71.370000	0.994400	6.516289	48.936438
133	0.870000	0.350000	139.530000	-68.090000	0.998000	6.497935	48.749388
134	0.880000	0.340000	141.710000	-72.190000	0.996000	6.513779	48.766730
135	0.880000	0.330000	141.950000	-73.740000	0.995200	6.586564	48.687922
136	0.870000	0.360000	141.520000	-65.890000	0.996000	6.651408	48.712295
137	0.890000	0.360000	141.620000	-66.900000	0.993600	6.611702	49.163238
138	0.900000	0.330000	143.600000	-75.230000	0.994800	6.666033	48.802530
139	0.890000	0.320000	141.910000	-75.100000	0.996000	6.623137	49.072235
140	0.870000	0.390000	139.850000	-59.040000	0.997600	6.650782	49.071399
141	0.870000	0.350000	138.750000	-66.740000	0.994400	6.632329	48.900150
142	0.880000	0.370000	139.400000	-63.760000	0.996800	6.612132	48.656954
143	0.880000	0.410000	140.320000	-55.470000	0.994800	6.614007	48.889887
144	0.860000	0.380000	137.420000	-58.740000	0.995200	6.632336	48.962158
145	0.850000	0.370000	137.310000	-59.790000	0.994800	6.588534	49.173739
146	0.840000	0.360000	138.160000	-64.040000	0.994800	6.595972	48.859253
147	0.850000	0.340000	139.690000	-68.530000	0.994400	6.484771	48.921916
148	0.840000	0.350000	139.480000	-66.760000	0.997200	6.533634	48.905458
149	0.840000	0.340000	140.690000	-70.590000	0.994800	6.589984	48.939144
150	0.840000	0.390000	140.310000	-58.000000	0.994400	6.584042	48.795938
151	0.850000	0.370000	141.020000	-62.300000	0.995600	6.595795	48.777329
152	0.850000	0.360000	140.520000	-65.230000	0.996000	6.587266	48.939991
153	0.880000	0.360000	142.890000	-66.540000	0.993200	6.569418	48.910637
154	0.880000	0.350000	142.650000	-68.910000	0.995600	6.575486	48.974708
155	0.890000	0.350000	143.950000	-70.320000	0.996400	6.575340	48.943744
156	0.860000	0.300000	140.410000	-77.860000	0.993600	6.590724	48.988933
157	0.870000	0.300000	141.020000	-78.980000	0.995200	6.571624	49.008538
158	0.850000	0.310000	134.730000	-70.820000	0.993200	6.573752	49.060355
159	0.850000	0.410000	136.640000	-52.340000	0.997200	6.551688	48.881085
160	0.870000	0.400000	138.130000	-55.480000	0.996000	6.493746	48.597108
161	0.860000	0.430000	136.860000	-48.330000	0.996800	6.510895	48.883455
162	0.860000	0.370000	137.820000	-61.610000	0.994800	6.483855	48.834355
163	0.860000	0.380000	137.230000	-59.790000	0.996000	6.487408	48.517747
164	0.850000	0.370000	135.890000	-58.640000	0.996800	6.500948	48.525101
165	0.850000	0.380000	137.650000	-58.730000	0.996800	6.558994	48.806913
166	0.860000	0.410000	138.330000	-51.910000	0.995600	6.559362	48.833244
167	0.870000	0.310000	140.100000	-76.540000	0.995200	6.633540	48.980551
168	0.860000	0.350000	139.020000	-66.420000	0.996000	6.613423	49.025651
169	0.860000	0.370000	139.330000	-62.770000	0.994400	6.634327	48.692687
170	0.850000	0.380000	137.930000	-59.540000	0.996800	6.636447	48.542814
171	0.850000	0.310000	138.290000	-74.400000	0.994800	6.580996	48.779425
172	0.860000	0.350000	140.610000	-69.750000	0.994400	6.608946	49.231912
173	0.860000	0.360000	140.520000	-67.150000	0.992800	6.567952	49.108627
174	0.860000	0.340000	141.980000	-71.420000	0.995200	6.594727	49.106848
175	0.830000	0.300000	137.730000	-75.290000	0.993600	6.601796	49.246984
176	0.850000	0.330000	141.110000	-73.010000	0.994400	6.561326	48.981873
177	0.850000	0.330000	141.820000	-73.460000	0.996000	6.521794	48.858085
178	0.850000	0.330000	140.740000	-72.070000	0.996400	6.530857	48.941420
179	0.840000	0.290000	137.780000	-78.120000	0.998000	6.497751	48.924272
180	0.830000	0.340000	137.230000	-66.910000	0.998800	6.537242	48.486764
181	0.820000	0.360000	135.460000	-61.110000	0.996400	6.584451	49.012933
182	0.830000	0.290000	136.710000	-76.750000	0.995600	6.575038	49.088036
183	0.830000	0.310000	137.860000	-72.980000	0.995200	6.571349	48.781949
184	0.820000	0.290000	136.030000	-76.570000	0.995600	6.520088	48.803300
185	0.820000	0.330000	136.920000	-69.160000	0.994000	6.500408	48.907363
186	0.810000	0.320000	136.250000	-69.100000	0.995600	6.491671	48.973803
187	0.790000	0.330000	133.080000	-63.700000	0.996400	6.541942	49.032753
188	0.800000	0.390000	132.350000	-50.560000	0.996000	6.468400	49.126112
189	0.810000	0.380000	134.750000	-55.060000	0.995600	6.450080	48.777932
190	0.810000	0.380000	135.420000	-55.890000	0.993200	6.420814	48.987143
191	0.820000	0.400000	134.910000	-50.050000	0.994800	6.456615	49.133522
192	0.830000	0.370000	136.240000	-59.420000	0.993200	6.447878	48.898779
193	0.820000	0.420000	134.680000	-48.100000	0.994800	6.393533	48.846794
194	0.820000	0.390000	136.170000	-54.970000	0.995200	6.377555	48.844488
195	0.830000	0.310000	136.010000	-73.080000	0.995600	6.410353	48.936438
196	0.830000	0.410000	135.680000	-50.010000	0.995600	6.409206	48.823935
197	0.830000	0.390000	137.140000	-57.550000	0.994800	6.419993	49.032789
198	0.830000	0.440000	135.630000	-45.250000	0.996400	6.453043	49.271879
199	0.810000	0.420000	132.150000	-44.770000	0.998400	6.409962	48.934883
200	0.820000	0.390000	133.660000	-51.440000	0.994000	6.345226	48.774146
201	0.820000	0.390000	133.920000	-53.460000	0.994800	6.289630	48.672749
202	0.820000	0.360000	130.570000	-56.730000	0.996400	6.360605	48.457651
203	0.830000	0.390000	133.390000	-52.230000	0.996800	6.358137	48.575684
204	0.820000	0.330000	131.700000	-64.080000	0.996000	6.407411	48.518156
205	0.830000	0.370000	132.810000	-56.610000	0.996000	6.394819	48.720033
206	0.830000	0.440000	133.910000	-43.020000	0.993600	6.386674	48.815735
207	0.830000	0.390000	134.130000	-54.610000	0.995200	6.355435	48.774521
208	0.820000	0.380000	133.690000	-55.230000	0.997200	6.349364	48.759715
209	0.800000	0.370000	131.990000	-55.300000	0.998000	6.390333	48.716033
210	0.790000	0.460000	131.430000	-34.880000	0.996800	6.393096	48.937705
211	0.800000	0.470000	132.830000	-35.590000	0.996400	6.359533	48.771566
212	0.790000	0.400000	131.220000	-48.930000	0.995200	6.373635	48.702897
213	0.780000	0.390000	129.910000	-48.640000	0.996400	6.361804	48.798362
214	0.790000	0.490000	131.070000	-27.650000	0.995200	6.337142	48.755423
215	0.790000	0.390000	130.480000	-48.590000	0.993600	6.342217	48.673925
216	0.790000	0.350000	131.360000	-59.000000	0.996800	6.295982	48.513343
217	0.790000	0.410000	131.870000	-46.810000	0.996800	6.336036	48.802859
218	0.790000	0.370000	132.520000	-55.740000	0.993600	6.316286	48.857982
219	0.790000	0.310000	131.830000	-68.050000	0.997600	6.306084	48.538972
220	0.790000	0.380000	132.540000	-53.520000	0.995200	6.315994	48.510909
221	0.790000	0.360000	132.500000	-57.470000	0.995600	6.343727	48.409521
222	0.810000	0.330000	133.810000	-66.470000	0.996800	6.355701	48.853985
223	0.800000	0.400000	131.120000	-51.350000	0.994400	6.381574	48.918385
224	0.790000	0.510000	129.830000	-24.010000	0.996800	6.385558	48.876261
225	0.780000	0.410000	127.920000	-42.120000	0.996400	6.473843	48.736761
226	0.790000	0.460000	129.730000	-33.000000	0.993600	6.428892	48.609240
227	0.790000	0.370000	130.180000	-53.490000	0.995200	6.369877	48.916695
228	0.770000	0.440000	126.880000	-35.920000	0.996800	6.365418	48.730044
229	0.770000	0.420000	126.820000	-40.850000	0.996000	6.357043	48.916140
230	0.800000	0.460000	128.580000	-32.310000	0.994800	6.392428	48.493032
231	0.800000	0.420000	129.520000	-42.530000	0.994000	6.401112	48.796164
232	0.800000	0.490000	127.910000	-24.920000	0.994800	6.433365	48.735698
233	0.810000	0.430000	130.060000	-40.620000	0.994000	6.423883	48.941058
234	0.810000	0.340000	131.400000	-62.450000	0.992800	6.463492	49.023673
235	0.810000	0.350000	132.020000	-60.840000	0.996000	6.523579	48.748911
236	0.810000	0.400000	133.290000	-52.390000	0.995600	6.479756	48.467706
237	0.790000	0.360000	130.780000	-57.100000	0.997200	6.414139	48.655306
238	0.770000	0.380000	128.540000	-49.040000	0.996800	6.439441	48.704265
239	0.790000	0.400000	128.860000	-44.850000	0.994400	6.359902	48.693281
240	0.780000	0.450000	128.010000	-34.910000	0.994800	6.300162	48.633609
241	0.780000	0.400000	127.740000	-45.280000	0.993600	6.302528	48.845308
242	0.770000	0.480000	126.750000	-25.490000	0.996000	6.293248	48.689120
243	0.770000	0.450000	127.000000	-34.330000	0.996000	6.282367	48.672571
244	0.770000	0.500000	127.910000	-23.610000	0.996000	6.291977	48.673672
245	0.800000	0.410000	128.470000	-44.960000	0.996000	6.304046	48.553030
246	0.780000	0.380000	125.900000	-47.870000	0.995600	6.299455	48.785626
247	0.790000	0.410000	126.920000	-42.900000	0.994400	6.357891	48.546864
248	0.790000	0.400000	126.290000	-43.310000	0.995600	6.338734	48.870237
249	0.800000	0.350000	127.810000	-56.010000	0.996000	6.332870	48.675293
250	0.820000	0.420000	130.580000	-43.530000	0.997600	6.322939	48.655599
251	0.830000	0.410000	131.610000	-46.630000	0.996800	6.358823	48.672613
252	0.850000	0.350000	133.460000	-61.960000	0.996400	6.372626	48.707810
253	0.850000	0.370000	133.520000	-58.650000	0.996400	6.405707	48.796424
254	0.840000	0.350000	133.830000	-62.600000	0.994800	6.464124	49.035836
255	0.840000	0.370000	134.600000	-58.640000	0.994000	6.458468	49.120190
256	0.830000	0.390000	134.350000	-56.320000	0.996800	6.508180	48.735130
257	0.840000	0.320000	136.800000	-70.900000	0.996400	6.524864	48.720927
258	0.820000	0.290000	133.860000	-75.940000	0.996000	6.473249	48.866061
259	0.810000	0.280000	132.950000	-76.930000	0.997200	6.419837	48.790965
260	0.820000	0.380000	134.950000	-57.190000	0.998800	6.430190	48.933448
261	0.810000	0.370000	133.770000	-58.310000	0.996400	6.487443	48.612694
262	0.820000	0.350000	135.030000	-63.840000	0.995600	6.563876	48.947539
263	0.820000	0.400000	136.150000	-53.950000	0.994800	6.585616	49.198428
264	0.800000	0.390000	133.380000	-52.710000	0.994800	6.539754	49.035268
265	0.810000	0.330000	132.940000	-65.160000	0.994800	6.482081	48.837924
266	0.820000	0.370000	133.650000	-57.620000	0.993600	6.500888	49.153547
267	0.830000	0.370000	134.850000	-59.590000	0.993200	6.469179	48.809790
268	0.820000	0.410000	133.490000	-49.270000	0.996400	6.473304	48.706122
269	0.810000	0.370000	134.550000	-60.100000	0.997200	6.473745	49.011220
270	0.820000	0.420000	133.910000	-48.600000	0.996800	6.514755	49.002299
271	0.820000	0.360000	132.110000	-59.220000	0.996800	6.429374	48.576845
272	0.820000	0.430000	132.260000	-43.520000	0.997200	6.388230	48.799825
273	0.820000	0.390000	133.740000	-54.170000	0.996800	6.403124	48.903480
274	0.820000	0.460000	134.910000	-39.830000	0.995200	6.412588	48.394511
275	0.820000	0.450000	136.020000	-42.440000	0.995200	6.470661	48.844933
276	0.820000	0.450000	137.100000	-43.780000	0.996400	6.483218	48.775177
277	0.800000	0.430000	135.100000	-46.810000	0.996000	6.445587	48.868886
278	0.800000	0.400000	135.300000	-52.190000	0.998800	6.387235	48.580051
279	0.790000	0.380000	134.340000	-54.200000	0.996400	6.423297	48.837434
280	0.800000	0.310000	134.090000	-69.870000	0.995200	6.427342	48.848084
281	0.800000	0.390000	132.860000	-52.500000	0.996400	6.450351	48.809564
282	0.770000	0.460000	128.490000	-32.410000	0.996000	6.462414	48.842793
283	0.780000	0.430000	129.840000	-41.740000	0.996000	6.435478	48.631133
284	0.780000	0.380000	130.360000	-52.990000	0.998800	6.410170	48.822996
285	0.790000	0.420000	130.500000	-43.930000	0.996800	6.382692	48.556067
286	0.770000	0.410000	127.930000	-44.350000	0.995600	6.363918	48.734924
287	0.760000	0.420000	126.620000	-39.190000	0.996000	6.393877	48.666583
288	0.760000	0.430000	127.160000	-38.470000	0.996400	6.381175	48.462253
289	0.750000	0.400000	124.890000	-44.560000	0.996800	6.349293	48.645294
290	0.770000	0.430000	126.270000	-38.860000	0.994400	6.290901	48.665438
291	0.770000	0.340000	126.090000	-56.990000	0.994400	6.259268	48.559713
292	0.770000	0.380000	126.740000	-47.490000	0.994800	6.268637	48.528428
293	0.770000	0.480000	126.340000	-26.260000	0.996000	6.355638	48.405464
294	0.760000	0.500000	125.450000	-22.670000	0.995600	6.304710	48.406436
295	0.760000	0.480000	125.820000	-28.690000	0.995600	6.281625	48.515132
296	0.750000	0.430000	124.870000	-36.380000	0.996800	6.287065	48.273733
297	0.770000	0.390000	126.770000	-46.840000	0.996400	6.214643	48.583068
298	0.760000	0.500000	124.800000	-20.810000	0.996400	6.268064	48.722434
299	0.750000	0.430000	123.870000	-35.610000	0.995600	6.237511	48.432714
300	0.780000	0.370000	126.660000	-51.010000	0.994000	6.199002	48.647671
301	0.780000	0.430000	126.850000	-38.320000	0.997200	6.149609	48.725466
302	0.780000	0.470000	126.450000	-28.730000	0.996800	6.189888	48.717483
303	0.760000	0.390000	124.150000	-42.450000	0.995200	6.244645	48.770577
304	0.750000	0.460000	122.590000	-27.100000	0.995600	6.195167	48.858197
305	0.760000	0.460000	124.470000	-29.830000	0.995200	6.203482	48.611814
306	0.760000	0.450000	124.040000	-32.590000	0.996400	6.190963	48.432056
307	0.760000	0.420000	124.800000	-39.030000	0.996400	6.139696	48.513284
308	0.760000	0.410000	125.930000	-41.350000	0.997200	6.132732	48.790990
309	0.770000	0.400000	126.460000	-46.400000	0.995200	6.178155	48.751621
310	0.770000	0.450000	125.700000	-33.790000	0.994000	6.160183	48.560492
311	0.780000	0.410000	126.880000	-44.150000	0.993200	6.178957	48.556588
312	0.770000	0.460000	124.940000	-30.650000	0.994400	6.179155	48.691944
313	0.770000	0.390000	125.050000	-46.850000	0.994800	6.173900	48.706947
314	0.790000	0.420000	127.190000	-42.370000	0.996800	6.162814	48.626693
315	0.790000	0.390000	128.820000	-48.840000	0.996800	6.174031	48.484772
316	0.790000	0.420000	128.130000	-40.640000	0.997200	6.190443	48.692002
317	0.790000	0.380000	127.880000	-49.450000	0.997600	6.210489	48.666199
318	0.780000	0.500000	127.100000	-23.900000	0.997600	6.285160	48.655984
319	0.770000	0.440000	126.580000	-35.650000	0.996400	6.307195	48.717778
320	0.770000	0.440000	127.010000	-35.140000	0.996000	6.258034	48.811647
321	0.780000	0.390000	129.040000	-46.870000	0.996800	6.297479	48.535794
322	0.800000	0.430000	130.630000	-41.820000	0.997200	6.310875	48.483059
323	0.790000	0.380000	129.460000	-51.120000	0.996800	6.273331	48.673093
324	0.800000	0.370000	130.630000	-55.940000	0.994000	6.304657	48.595953
325	0.810000	0.370000	131.100000	-56.560000	0.996800	6.319181	48.600340
326	0.800000	0.480000	130.640000	-31.650000	0.996400	6.345841	48.651724
327	0.810000	0.490000	131.280000	-28.770000	0.996000	6.398669	48.656069
328	0.810000	0.450000	129.780000	-36.470000	0.995200	6.417871	48.961078
329	0.810000	0.450000	129.460000	-35.650000	0.995600	6.370709	48.871492
330	0.800000	0.370000	129.100000	-54.100000	0.994800	6.343390	48.943775
331	0.810000	0.430000	130.760000	-42.080000	0.996800	6.305082	48.602398
332	0.820000	0.420000	131.230000	-46.500000	0.995600	6.332681	48.681929
333	0.830000	0.390000	132.920000	-53.130000	0.996000	6.393729	48.972397
334	0.830000	0.390000	134.250000	-56.220000	0.996400	6.328734	48.511238
335	0.820000	0.350000	133.640000	-62.700000	0.995600	6.404542	48.669768
336	0.810000	0.360000	132.050000	-58.130000	0.994000	6.412730	49.065552
337	0.800000	0.340000	132.320000	-60.800000	0.994400	6.369458	48.701025
338	0.790000	0.380000	131.310000	-52.970000	0.996000	6.400542	48.713845
339	0.780000	0.390000	129.490000	-48.700000	0.995200	6.358341	48.630013
340	0.790000	0.390000	129.420000	-50.000000	0.994400	6.359259	48.886728
341	0.780000	0.380000	128.750000	-49.540000	0.997600	6.387096	49.033849
342	0.780000	0.450000	129.050000	-35.520000	0.995200	6.394165	48.818864
343	0.760000	0.380000	125.550000	-47.300000	0.996400	6.390276	48.832860
344	0.780000	0.360000	126.920000	-53.020000	0.996800	6.355446	48.736305
345	0.780000	0.370000	128.300000	-51.930000	0.994800	6.363895	48.517524
346	0.770000	0.360000	125.410000	-52.170000	0.995600	6.381478	48.815624
347	0.770000	0.370000	125.810000	-48.900000	0.996000	6.383248	48.663969
348	0.770000	0.450000	126.410000	-32.600000	0.996000	6.394974	48.456009
349	0.780000	0.430000	125.840000	-37.930000	0.996400	6.336107	48.913443
350	0.780000	0.420000	126.480000	-39.370000	0.995200	6.321808	48.659844
351	0.790000	0.460000	126.890000	-32.600000	0.996000	6.303592	48.652052
352	0.790000	0.430000	128.320000	-38.800000	0.995600	6.336127	48.509485
353	0.810000	0.430000	129.820000	-39.990000	0.993200	6.343199	48.655393
354	0.810000	0.420000	131.610000	-44.000000	0.996000	6.418954	48.856452
355	0.810000	0.360000	130.770000	-57.100000	0.996400	6.383306	49.065306
356	0.820000	0.460000	131.710000	-37.390000	0.995600	6.358405	48.839665
357	0.830000	0.420000	132.680000	-46.380000	0.997600	6.342339	48.392482
358	0.830000	0.450000	133.270000	-39.690000	0.996800	6.373503	48.500036
359	0.830000	0.480000	134.180000	-34.510000	0.997600	6.372322	48.259965
360	0.830000	0.440000	135.260000	-44.370000	0.998400	6.431044	48.751233
361	0.830000	0.370000	135.770000	-60.020000	0.996000	6.493452	48.869228
362	0.840000	0.350000	138.140000	-66.750000	0.995600	6.539641	48.727009
363	0.830000	0.380000	137.080000	-58.390000	0.995600	6.481189	48.703585
364	0.830000	0.360000	136.240000	-61.030000	0.994000	6.464946	49.114935
365	0.840000	0.410000	137.290000	-53.500000	0.995600	6.413779	49.082578
366	0.830000	0.430000	134.810000	-45.420000	0.996000	6.463850	49.116860
367	0.820000	0.370000	133.240000	-56.820000	0.997600	6.488604	49.004666
368	0.830000	0.400000	136.110000	-52.780000	0.995600	6.541342	49.128627
369	0.820000	0.400000	135.150000	-51.590000	0.994800	6.566052	48.610352
370	0.830000	0.390000	136.940000	-56.330000	0.995600	6.549733	49.000272
371	0.840000	0.400000	138.150000	-55.880000	0.994800	6.555074	48.654093
372	0.840000	0.400000	139.010000	-55.950000	0.994800	6.525592	48.847639
373	0.840000	0.380000	139.940000	-61.010000	0.995600	6.602483	48.917770
374	0.840000	0.420000	140.760000	-53.040000	0.996400	6.616774	49.109082
375	0.840000	0.410000	140.560000	-54.940000	0.997200	6.559485	48.638451
376	0.840000	0.380000	141.220000	-62.550000	0.996400	6.599333	48.812700
377	0.860000	0.360000	142.860000	-67.750000	0.995200	6.642285	48.990191
378	0.850000	0.320000	141.470000	-74.180000	0.998000	6.595813	48.785631
379	0.840000	0.410000	140.130000	-53.470000	0.994400	6.634035	49.000848
380	0.820000	0.430000	137.590000	-48.350000	0.996400	6.657916	48.903435
381	0.830000	0.430000	138.610000	-47.770000	0.993200	6.617712	49.064396
382	0.820000	0.350000	137.330000	-64.800000	0.994000	6.611103	49.159015
383	0.810000	0.350000	135.920000	-64.910000	0.994400	6.528942	48.753646
384	0.810000	0.390000	137.050000	-57.320000	0.995200	6.470947	48.901201
385	0.820000	0.350000	137.190000	-64.670000	0.993600	6.471085	48.650146
386	0.820000	0.450000	137.140000	-44.240000	0.996800	6.470005	48.823052
387	0.810000	0.430000	135.110000	-44.390000	0.996400	6.442942	48.705536
388	0.800000	0.440000	134.130000	-43.560000	0.996400	6.484713	48.670515
389	0.800000	0.310000	134.330000	-71.450000	0.996000	6.497922	48.942316
390	0.800000	0.420000	132.480000	-45.400000	0.995200	6.472875	49.032185
391	0.800000	0.430000	133.280000	-43.690000	0.994000	6.424169	48.904690
392	0.810000	0.390000	131.940000	-52.320000	0.994400	6.444402	48.701548
393	0.800000	0.370000	130.730000	-55.130000	0.996800	6.351845	48.791544
394	0.820000	0.410000	130.730000	-47.070000	0.995600	6.293097	48.794444
395	0.850000	0.450000	132.710000	-41.790000	0.998000	6.316973	48.697835
396	0.870000	0.420000	135.200000	-49.720000	0.994800	6.376009	48.642008
397	0.860000	0.350000	134.430000	-64.860000	0.997600	6.386699	48.549386
398	0.840000	0.340000	130.860000	-61.740000	0.998000	6.396837	48.824061
399	0.860000	0.470000	134.320000	-37.370000	0.996400	6.364698	48.877282
400	0.860000	0.400000	135.600000	-53.830000	0.994000	6.488243	49.025888
401	0.850000	0.390000	135.280000	-52.790000	0.995200	6.474531	48.827705
402	0.830000	0.350000	132.750000	-60.590000	0.994800	6.471968	48.811906
403	0.850000	0.350000	135.680000	-62.890000	0.997600	6.480833	49.235838
404	0.850000	0.430000	136.060000	-47.760000	0.996000	6.509322	49.095622
405	0.830000	0.380000	135.860000	-56.820000	0.996000	6.450005	49.031416
406	0.850000	0.380000	139.220000	-60.290000	0.994000	6.466910	48.778702
407	0.860000	0.410000	139.600000	-53.120000	0.996000	6.515464	48.846963
408	0.870000	0.390000	140.750000	-59.520000	0.995600	6.564240	48.779347
409	0.870000	0.400000	142.980000	-57.810000	0.994000	6.574909	48.976499
410	0.870000	0.340000	143.780000	-73.040000	0.995600	6.669751	48.812587
411	0.870000	0.330000	144.190000	-74.470000	0.997600	6.672733	49.002818
412	0.860000	0.340000	140.300000	-68.570000	0.995600	6.656246	49.073777
413	0.870000	0.380000	141.250000	-62.280000	0.994400	6.586047	48.609172
414	0.870000	0.280000	141.520000	-84.380000	0.998000	6.624067	48.694342
415	0.870000	0.440000	141.170000	-50.190000	0.995600	6.640193	48.901088
416	0.870000	0.390000	142.140000	-60.450000	0.994000	6.652224	49.017677
417	0.870000	0.420000	140.420000	-52.910000	0.994800	6.645645	48.580246
418	0.870000	0.380000	142.440000	-62.980000	0.992800	6.622442	49.065339
419	0.880000	0.370000	144.100000	-67.380000	0.992800	6.671328	49.254539
420	0.890000	0.390000	145.710000	-64.150000	0.994800	6.687069	49.027871
421	0.880000	0.330000	144.090000	-75.930000	0.995200	6.651487	48.992976
422	0.870000	0.340000	142.530000	-71.820000	0.995600	6.661689	48.733420
423	0.870000	0.290000	142.290000	-82.070000	0.996000	6.615358	49.014419
424	0.870000	0.340000	142.950000	-73.070000	0.994400	6.613434	48.955183
425	0.860000	0.410000	142.580000	-56.320000	0.996800	6.617598	49.283522
426	0.860000	0.370000	141.810000	-64.060000	0.997600	6.641626	49.064161
427	0.860000	0.370000	141.970000	-65.040000	0.996800	6.612035	48.763827
428	0.860000	0.350000	141.950000	-68.990000	0.994400	6.632157	49.039720
429	0.860000	0.380000	143.660000	-64.110000	0.994800	6.661735	49.006677
430	0.870000	0.430000	143.700000	-53.810000	0.993200	6.645207	48.865254
431	0.870000	0.350000	144.250000	-71.130000	0.995200	6.618079	48.830460
432	0.870000	0.300000	145.230000	-82.330000	0.996000	6.759547	49.193888
433	0.840000	0.370000	139.520000	-61.890000	0.996000	6.729080	48.958559
434	0.840000	0.420000	139.980000	-52.130000	0.996000	6.617260	48.811850
435	0.840000	0.330000	140.230000	-72.320000	0.996800	6.574768	49.271813
436	0.840000	0.350000	140.820000	-69.420000	0.996400	6.570734	48.822680
437	0.820000	0.370000	137.540000	-60.200000	0.994800	6.627228	48.807918
438	0.810000	0.340000	137.510000	-66.530000	0.996400	6.600246	49.092351
439	0.810000	0.400000	136.040000	-51.850000	0.995200	6.627801	48.962373
440	0.810000	0.380000	135.820000	-55.790000	0.996800	6.543239	48.988232
441	0.820000	0.400000	136.580000	-52.270000	0.996800	6.527403	48.911371
442	0.830000	0.320000	137.100000	-70.740000	0.997600	6.477419	48.614926
443	0.820000	0.300000	135.990000	-74.080000	0.995600	6.415253	48.815045
444	0.820000	0.360000	136.640000	-62.560000	0.996400	6.536149	49.112533
445	0.830000	0.370000	136.590000	-59.370000	0.994800	6.488554	48.538542
446	0.810000	0.360000	134.990000	-59.560000	0.996800	6.488497	48.671693
447	0.780000	0.380000	130.070000	-51.960000	0.996800	6.474757	48.646471
448	0.780000	0.400000	128.690000	-45.700000	0.994400	6.491099	48.700424
449	0.780000	0.370000	128.230000	-52.180000	0.996400	6.422971	48.895119
450	0.790000	0.410000	131.220000	-49.690000	0.996000	6.367170	48.372311
451	0.790000	0.410000	131.880000	-47.160000	0.994400	6.405817	48.901598
452	0.780000	0.380000	131.550000	-52.690000	0.994400	6.406470	48.473488
453	0.790000	0.360000	132.380000	-58.540000	0.995200	6.369416	48.813608
454	0.790000	0.370000	132.880000	-56.880000	0.998400	6.339479	48.436189
455	0.800000	0.400000	131.310000	-51.070000	0.994800	6.359624	48.850485
456	0.790000	0.420000	130.120000	-44.520000	0.996400	6.395261	48.752810
457	0.800000	0.380000	131.530000	-53.900000	0.995600	6.410730	48.666891
458	0.810000	0.410000	133.290000	-50.430000	0.994400	6.421573	48.850243
459	0.800000	0.350000	131.030000	-59.340000	0.995200	6.369297	48.402224
460	0.830000	0.440000	134.140000	-42.590000	0.997600	6.398458	48.603077
461	0.830000	0.420000	135.020000	-48.290000	0.996400	6.393833	48.556191
462	0.840000	0.430000	136.490000	-46.260000	0.995600	6.425668	48.709498
463	0.840000	0.380000	136.030000	-57.700000	0.996000	6.435728	48.752593
464	0.840000	0.410000	135.640000	-51.650000	0.996000	6.348676	48.999819
465	0.840000	0.380000	136.880000	-58.690000	0.994800	6.320161	48.691249
466	0.860000	0.390000	138.750000	-58.390000	0.996800	6.395918	48.547955
467	0.860000	0.380000	139.590000	-60.440000	0.996000	6.444683	49.067014
468	0.850000	0.390000	139.140000	-59.100000	0.997200	6.428052	48.983250
469	0.840000	0.360000	138.890000	-64.430000	0.994000	6.400404	49.047954
470	0.840000	0.360000	139.330000	-65.130000	0.996800	6.391149	48.818660
471	0.830000	0.310000	136.800000	-74.110000	0.994800	6.478627	48.634767
472	0.840000	0.350000	138.110000	-66.350000	0.996400	6.503938	49.337071
473	0.840000	0.360000	138.290000	-63.370000	0.995600	6.452064	49.083266
474	0.840000	0.420000	138.560000	-51.480000	0.993600	6.462187	49.268517
475	0.810000	0.410000	133.800000	-47.550000	0.995600	6.458613	48.838319
476	0.810000	0.450000	134.730000	-40.490000	0.995200	6.424561	48.813075
477	0.820000	0.430000	136.080000	-46.680000	0.997200	6.374209	48.682295
478	0.820000	0.430000	135.160000	-45.650000	0.997600	6.442610	49.116408
479	0.830000	0.390000	136.140000	-54.530000	0.994800	6.452097	48.911950
480	0.810000	0.370000	132.440000	-56.380000	0.997600	6.459213	48.566507
481	0.800000	0.360000	131.290000	-56.780000	0.996000	6.463583	48.727260
482	0.820000	0.430000	134.030000	-45.400000	0.996000	6.393969	49.078268
483	0.840000	0.390000	135.870000	-55.150000	0.994400	6.346779	48.803393
484	0.860000	0.360000	136.820000	-63.640000	0.996000	6.343176	48.788712
485	0.860000	0.390000	138.130000	-56.430000	0.997600	6.350941	48.603793
486	0.870000	0.350000	139.800000	-68.350000	0.997600	6.384490	48.769128
487	0.870000	0.400000	140.270000	-57.030000	0.995200	6.437158	48.705206
488	0.860000	0.300000	139.010000	-75.910000	0.994000	6.462154	49.059423
489	0.870000	0.310000	140.750000	-76.720000	0.995600	6.518279	48.913457
490	0.860000	0.310000	138.710000	-74.420000	0.995200	6.488176	48.716096
491	0.860000	0.410000	138.840000	-55.530000	0.996000	6.501850	49.070660
492	0.860000	0.350000	140.000000	-67.780000	0.997200	6.409485	48.599670
493	0.860000	0.380000	140.410000	-60.410000	0.996400	6.396958	48.767791
494	0.850000	0.380000	139.270000	-59.890000	0.997200	6.412529	48.876284
495	0.840000	0.390000	138.850000	-58.210000	0.995600	6.454958	49.011697
496	0.830000	0.410000	138.540000	-53.590000	0.997200	6.446120	49.011686
497	0.840000	0.330000	140.010000	-72.120000	0.995600	6.435991	49.167361
498	0.850000	0.300000	140.900000	-79.170000	0.994800	6.442674	49.175435
499	0.840000	0.370000	140.190000	-63.660000	0.993600	6.459799	49.122548
500	0.840000	0.410000	140.210000	-55.150000	0.996000	6.406146	48.792687
501	0.800000	0.340000	134.230000	-63.980000	0.994400	6.435243	48.851128
502	0.840000	0.390000	138.110000	-56.750000	0.992800	6.363524	48.990550
503	0.830000	0.380000	136.580000	-56.470000	0.994800	6.390597	48.972138
504	0.800000	0.390000	131.490000	-50.380000	0.995200	6.432674	49.283161
505	0.810000	0.380000	132.910000	-53.460000	0.997200	6.388708	48.923333
506	0.810000	0.430000	133.680000	-43.220000	0.996800	6.334774	48.481484
507	0.810000	0.470000	135.050000	-35.750000	0.995200	6.334956	48.554763
508	0.810000	0.380000	135.350000	-56.790000	0.996000	6.319125	48.855241
509	0.800000	0.310000	134.550000	-71.190000	0.996800	6.358791	48.987394
510	0.800000	0.370000	134.910000	-59.140000	0.995600	6.402647	49.123634
511	0.800000	0.340000	135.360000	-64.440000	0.996000	6.425367	48.917409
512	0.790000	0.410000	134.780000	-50.230000	0.995200	6.452862	49.014144
513	0.790000	0.420000	134.020000	-45.800000	0.995200	6.393110	48.739453
514	0.770000	0.450000	131.500000	-37.730000	0.997600	6.389229	48.587360
515	0.780000	0.410000	130.900000	-46.270000	0.996400	6.264241	48.388170
516	0.780000	0.440000	129.930000	-37.300000	0.994400	6.359505	48.678489
517	0.780000	0.440000	129.160000	-37.350000	0.996000	6.312738	48.561004
518	0.790000	0.480000	130.340000	-31.680000	0.995600	6.321736	48.576699
519	0.800000	0.480000	131.280000	-32.850000	0.996400	6.383027	48.522121
520	0.790000	0.450000	130.530000	-38.510000	0.996000	6.390049	48.265157
521	0.800000	0.440000	131.100000	-39.920000	0.996400	6.397953	48.914250
522	0.780000	0.480000	127.920000	-27.880000	0.998800	6.335681	48.362145
523	0.790000	0.420000	127.880000	-42.590000	0.996400	6.324877	48.874214
524	0.820000	0.410000	130.880000	-46.620000	0.995200	6.293814	48.659653
525	0.810000	0.420000	131.700000	-43.850000	0.995200	6.326076	48.731221
526	0.810000	0.440000	129.750000	-39.950000	0.997600	6.377640	48.931816
527	0.820000	0.360000	130.790000	-57.530000	0.996400	6.352631	48.876126
528	0.830000	0.420000	133.040000	-47.120000	0.995200	6.383687	48.654736
529	0.820000	0.390000	132.180000	-52.170000	0.994000	6.396345	48.848591
530	0.830000	0.370000	134.000000	-57.570000	0.996800	6.414629	48.983871
531	0.830000	0.410000	135.410000	-50.920000	0.996000	6.472316	48.777646
532	0.830000	0.420000	136.330000	-49.230000	0.996800	6.503539	48.849851
533	0.830000	0.380000	137.120000	-58.740000	0.998400	6.503907	48.773875
534	0.840000	0.460000	138.550000	-41.780000	0.996400	6.602466	48.997847
535	0.840000	0.380000	138.490000	-58.060000	0.995200	6.579695	49.075567
536	0.850000	0.380000	140.630000	-61.800000	0.996000	6.499205	48.984775
537	0.870000	0.370000	142.000000	-65.770000	0.995600	6.560775	48.829815
538	0.870000	0.380000	142.020000	-62.880000	0.996400	6.580696	48.926505
539	0.860000	0.340000	140.940000	-72.160000	0.996800	6.574021	48.948353
540	0.860000	0.360000	140.370000	-66.290000	0.994400	6.612468	48.788268
541	0.860000	0.340000	140.700000	-69.060000	0.994800	6.593202	48.953382
542	0.840000	0.380000	138.290000	-59.540000	0.995600	6.637973	48.910568
543	0.830000	0.390000	138.190000	-57.780000	0.996400	6.601749	48.850093
544	0.840000	0.410000	139.650000	-55.490000	0.997200	6.572650	48.976594
545	0.830000	0.360000	139.140000	-64.690000	0.997600	6.526994	48.850530
546	0.840000	0.340000	140.600000	-70.440000	0.996800	6.575330	49.152321
547	0.840000	0.420000	139.690000	-52.430000	0.997600	6.696351	48.999841
548	0.830000	0.430000	138.240000	-48.050000	0.996800	6.701929	48.898689
549	0.860000	0.350000	139.630000	-66.860000	0.992800	6.634322	48.963179
550	0.860000	0.400000	140.590000	-57.510000	0.993600	6.613769	49.037125
551	0.860000	0.440000	140.870000	-48.210000	0.995600	6.545002	48.810469
552	0.850000	0.370000	138.890000	-63.340000	0.994400	6.532184	49.092644
553	0.860000	0.400000	140.280000	-56.090000	0.994400	6.571930	49.130111
554	0.850000	0.360000	140.330000	-64.470000	0.996800	6.496526	48.682386
555	0.850000	0.400000	140.540000	-57.810000	0.996800	6.492222	48.715781
556	0.850000	0.370000	140.700000	-63.160000	0.996000	6.540163	49.043014
557	0.850000	0.390000	142.970000	-61.240000	0.997200	6.638114	48.808908
558	0.850000	0.360000	143.630000	-69.490000	0.996000	6.673593	48.818964
559	0.830000	0.350000	139.740000	-65.870000	0.994000	6.668379	48.817458
560	0.850000	0.390000	141.110000	-60.280000	0.996800	6.580398	48.940151
561	0.860000	0.350000	142.640000	-68.880000	0.994800	6.621477	48.723658
562	0.850000	0.400000	139.200000	-56.440000	0.992400	6.627817	48.665884
563	0.850000	0.400000	138.590000	-54.880000	0.994800	6.615335	48.983656
564	0.860000	0.350000	140.290000	-68.270000	0.996000	6.673550	49.166330
565	0.850000	0.330000	138.120000	-69.860000	0.996400	6.665761	48.882605
566	0.850000	0.370000	138.280000	-60.390000	0.996800	6.618274	49.080593
567	0.870000	0.430000	139.110000	-50.020000	0.995600	6.601152	48.926053
568	0.860000	0.400000	137.350000	-55.000000	0.994800	6.552132	48.911624
569	0.870000	0.370000	139.920000	-62.860000	0.997200	6.568485	48.795770
570	0.870000	0.400000	141.160000	-57.200000	0.996000	6.595763	49.005626
571	0.870000	0.410000	142.630000	-57.070000	0.997600	6.610940	48.867893
572	0.870000	0.400000	142.790000	-58.900000	0.998000	6.660775	49.129930
573	0.870000	0.360000	141.780000	-66.920000	0.994400	6.681816	49.154108
574	0.880000	0.400000	142.210000	-57.900000	0.995600	6.679025	49.134527
575	0.860000	0.390000	139.260000	-56.880000	0.993600	6.642012	48.891233
576	0.860000	0.350000	140.700000	-69.140000	0.994000	6.679510	49.168504
577	0.850000	0.400000	139.270000	-55.570000	0.994400	6.587097	48.990461
578	0.830000	0.370000	136.560000	-59.250000	0.992800	6.613840	49.136557
579	0.810000	0.340000	133.330000	-62.330000	0.995200	6.552934	48.883896
580	0.820000	0.380000	133.780000	-55.140000	0.996800	6.544041	48.801160
581	0.810000	0.370000	133.280000	-56.160000	0.997200	6.531334	48.600009
582	0.820000	0.350000	135.030000	-64.390000	0.996400	6.466061	48.794275
583	0.820000	0.280000	136.110000	-80.010000	0.996000	6.537107	48.925926
584	0.820000	0.440000	135.910000	-45.050000	0.995200	6.499602	48.825399
585	0.840000	0.380000	137.090000	-59.350000	0.993600	6.562649	48.676879
586	0.840000	0.380000	136.620000	-57.590000	0.992400	6.615964	48.832656
587	0.820000	0.330000	134.810000	-65.000000	0.992000	6.583938	48.513284
588	0.810000	0.450000	132.450000	-37.840000	0.994800	6.600974	48.693222
589	0.800000	0.350000	132.480000	-59.320000	0.996400	6.564524	48.985491
590	0.810000	0.460000	133.160000	-37.270000	0.996000	6.501322	48.853564
591	0.810000	0.410000	133.600000	-47.760000	0.998000	6.458992	48.642382
592	0.810000	0.430000	133.680000	-45.770000	0.996000	6.479282	48.247409
593	0.820000	0.380000	136.410000	-56.920000	0.997200	6.490402	48.635643
594	0.800000	0.340000	133.170000	-62.750000	0.996000	6.488172	48.465217
595	0.810000	0.410000	135.160000	-50.500000	0.996000	6.457831	48.684592
596	0.810000	0.380000	134.080000	-57.580000	0.996400	6.467779	48.635406
597	0.800000	0.410000	132.440000	-48.650000	0.996000	6.468611	48.755432
598	0.800000	0.430000	131.680000	-42.690000	0.996000	6.465526	48.727267
599	0.810000	0.430000	133.070000	-43.880000	0.995600	6.490607	48.656961
600	0.810000	0.440000	131.780000	-40.460000	0.995600	6.443830	48.238527
601	0.810000	0.410000	131.710000	-46.650000	0.994400	6.521481	48.953107
602	0.800000	0.370000	131.800000	-53.470000	0.994400	6.546170	48.952894
603	0.770000	0.420000	127.370000	-40.430000	0.997200	6.428055	48.648156
604	0.770000	0.440000	126.800000	-36.410000	0.997200	6.403698	48.715047
605	0.760000	0.530000	125.910000	-15.950000	0.996800	6.332694	48.643663
606	0.760000	0.480000	126.040000	-29.060000	0.996400	6.350661	48.565254
607	0.740000	0.380000	122.310000	-47.280000	0.995200	6.281355	48.822349
608	0.750000	0.440000	122.610000	-31.210000	0.995200	6.210754	48.907002
609	0.760000	0.480000	123.310000	-23.290000	0.995200	6.205827	48.422204
610	0.730000	0.400000	118.690000	-36.370000	0.995600	6.251758	48.628476
611	0.740000	0.460000	119.210000	-24.370000	0.994000	6.216261	48.531444
612	0.760000	0.480000	119.910000	-23.490000	0.994800	6.216833	48.523627
613	0.760000	0.440000	121.410000	-30.390000	0.996800	6.145455	48.337137
614	0.770000	0.410000	123.130000	-42.130000	0.996400	6.172361	48.075521
615	0.770000	0.420000	124.820000	-39.490000	0.997200	6.160942	48.432622
616	0.790000	0.490000	126.390000	-25.310000	0.998000	6.219063	48.663584
617	0.800000	0.440000	127.280000	-36.740000	0.997200	6.245332	48.428736
618	0.790000	0.400000	126.870000	-44.520000	0.997200	6.227513	48.729159
619	0.790000	0.450000	128.110000	-37.500000	0.996800	6.259453	48.990792
620	0.770000	0.390000	125.900000	-45.580000	0.997200	6.277295	48.975704
621	0.790000	0.380000	125.980000	-49.200000	0.997200	6.195879	48.652301
622	0.770000	0.420000	124.310000	-39.190000	0.995600	6.191759	48.628871
623	0.790000	0.400000	126.600000	-44.780000	0.996400	6.219661	48.704563
624	0.800000	0.390000	126.430000	-47.030000	0.995600	6.220190	48.711942
625	0.790000	0.410000	126.090000	-43.430000	0.997200	6.167596	48.652065
626	0.790000	0.410000	125.210000	-43.220000	0.995600	6.227477	48.928397
627	0.800000	0.400000	126.520000	-45.260000	0.996400	6.235546	48.721979
628	0.780000	0.500000	124.160000	-22.730000	0.995200	6.201518	48.670422
629	0.800000	0.490000	127.050000	-27.120000	0.996400	6.180065	48.663992
630	0.800000	0.450000	128.600000	-37.260000	0.996400	6.240008	48.610101
631	0.800000	0.400000	127.950000	-46.220000	0.996000	6.264839	48.472286
632	0.780000	0.380000	124.440000	-47.060000	0.996400	6.241157	48.171695
633	0.790000	0.430000	125.520000	-37.780000	0.993600	6.265904	48.549586
634	0.780000	0.480000	125.320000	-25.190000	0.993600	6.264053	48.514600
635	0.790000	0.430000	127.190000	-39.000000	0.994400	6.248954	48.642259
636	0.760000	0.430000	122.780000	-34.790000	0.997200	6.197088	48.612750
637	0.770000	0.470000	125.490000	-30.300000	0.995200	6.184871	48.720838
638	0.760000	0.420000	124.710000	-38.400000	0.994400	6.257691	48.678254
639	0.770000	0.390000	126.290000	-45.820000	0.994000	6.277035	48.702498
640	0.780000	0.430000	127.530000	-39.630000	0.996800	6.286721	48.881179
641	0.770000	0.420000	126.250000	-39.420000	0.998000	6.256071	48.673709
642	0.780000	0.420000	125.720000	-38.050000	0.996800	6.211177	48.605120
643	0.800000	0.400000	126.510000	-44.970000	0.998000	6.256173	48.258031
644	0.790000	0.480000	125.880000	-28.510000	0.996000	6.286530	48.875864
645	0.800000	0.380000	127.350000	-49.410000	0.995600	6.245773	48.755845
646	0.810000	0.410000	129.080000	-45.390000	0.995200	6.272513	48.786802
647	0.800000	0.480000	128.090000	-28.600000	0.993200	6.251120	48.489596
648	0.800000	0.500000	130.130000	-26.420000	0.994400	6.327215	48.765266
649	0.800000	0.410000	130.710000	-48.510000	0.995200	6.262983	48.335861
650	0.790000	0.420000	128.170000	-41.600000	0.997200	6.296980	48.695566
651	0.810000	0.400000	129.910000	-46.520000	0.995600	6.262182	48.836713
652	0.800000	0.460000	128.400000	-33.800000	0.998400	6.272606	48.676790
653	0.810000	0.500000	130.290000	-26.140000	0.998000	6.239822	48.433798
654	0.830000	0.460000	132.200000	-37.180000	0.998000	6.294806	48.630013
655	0.830000	0.400000	131.930000	-50.760000	0.998000	6.295238	48.924602
656	0.820000	0.400000	131.830000	-51.250000	0.999600	6.296086	48.339765
657	0.840000	0.410000	132.620000	-47.840000	0.996800	6.283190	48.504659
658	0.840000	0.360000	134.160000	-60.060000	0.998400	6.398477	48.487724
659	0.830000	0.320000	133.850000	-67.820000	0.998400	6.375330	49.095070
660	0.810000	0.390000	132.220000	-53.150000	0.997200	6.350478	48.766265
661	0.800000	0.440000	131.700000	-41.300000	0.994400	6.336913	48.628026
662	0.800000	0.440000	131.770000	-43.330000	0.996800	6.258227	48.664558
663	0.780000	0.440000	128.790000	-37.100000	0.996800	6.340134	48.702282
664	0.780000	0.380000	128.220000	-50.060000	0.995200	6.319835	48.568876
665	0.790000	0.460000	130.550000	-35.900000	0.995600	6.307514	48.928045
666	0.780000	0.390000	130.210000	-49.980000	0.997600	6.301936	48.350048
667	0.790000	0.390000	129.500000	-48.110000	0.996800	6.283892	48.917939
668	0.790000	0.430000	130.800000	-42.540000	0.996000	6.252418	48.662031
669	0.780000	0.420000	129.310000	-41.290000	0.994400	6.330425	48.649188
670	0.770000	0.460000	128.620000	-31.920000	0.996000	6.281513	48.542985
671	0.780000	0.400000	129.010000	-45.660000	0.996000	6.215151	48.834777
672	0.780000	0.360000	129.730000	-55.190000	0.996000	6.184610	48.573372
673	0.790000	0.400000	130.280000	-48.110000	0.997600	6.161729	48.722445
674	0.780000	0.440000	129.170000	-38.070000	0.996800	6.099320	48.469529
675	0.790000	0.410000	130.570000	-46.030000	0.995600	6.137704	48.576613
676	0.780000	0.360000	130.380000	-56.180000	0.995600	6.200328	48.753050
677	0.780000	0.390000	128.650000	-49.670000	0.994400	6.124817	48.719151
678	0.790000	0.400000	128.210000	-49.340000	0.996400	6.110982	48.781046
679	0.790000	0.430000	128.760000	-40.910000	0.993200	6.177902	48.418194
680	0.780000	0.460000	127.740000	-33.330000	0.995600	6.249158	48.585898
681	0.770000	0.470000	127.250000	-32.070000	0.994800	6.214321	48.419646
682	0.780000	0.390000	127.960000	-48.030000	0.995600	6.280674	48.783934
683	0.780000	0.420000	127.450000	-41.380000	0.992400	6.253256	48.464882
684	0.770000	0.400000	125.600000	-43.770000	0.996000	6.233943	48.726535
685	0.750000	0.430000	123.840000	-34.800000	0.996800	6.291538	48.702092
686	0.750000	0.460000	124.650000	-32.410000	0.997200	6.324367	48.784455
687	0.770000	0.480000	124.940000	-25.330000	0.995200	6.192460	48.388192
688	0.790000	0.460000	125.780000	-29.980000	0.995600	6.122048	48.463374
689	0.800000	0.430000	126.840000	-38.540000	0.996400	6.125376	48.672780
690	0.800000	0.430000	127.360000	-39.400000	0.996000	6.201104	48.743421
691	0.820000	0.440000	128.860000	-38.750000	0.996000	6.225932	48.956383
692	0.830000	0.410000	130.600000	-47.440000	0.996000	6.320654	48.663493
693	0.820000	0.430000	129.140000	-39.200000	0.993600	6.317924	48.655595
694	0.820000	0.430000	129.410000	-39.240000	0.994000	6.344980	48.808915
695	0.820000	0.450000	130.490000	-36.580000	0.995600	6.356528	48.581322
696	0.830000	0.440000	131.160000	-40.180000	0.999200	6.290730	49.049708
697	0.820000	0.390000	128.720000	-48.510000	0.995200	6.319339	48.822161
698	0.840000	0.400000	131.140000	-50.150000	0.996000	6.227908	48.527534
699	0.850000	0.360000	133.190000	-58.710000	0.995600	6.320229	48.797183
700	0.840000	0.390000	133.260000	-54.460000	0.994800	6.389094	48.934331
701	0.840000	0.380000	134.100000	-56.730000	0.996400	6.378563	49.067852
702	0.840000	0.320000	135.360000	-68.790000	0.996400	6.395572	48.900068
703	0.830000	0.370000	133.650000	-57.470000	0.995600	6.478098	48.913663
704	0.840000	0.380000	135.200000	-57.320000	0.998000	6.508327	49.154894
705	0.830000	0.380000	134.220000	-56.170000	0.997600	6.453468	48.833368
706	0.850000	0.390000	135.390000	-54.210000	0.996000	6.430658	48.611636
707	0.870000	0.350000	136.770000	-64.070000	0.994000	6.425909	49.033357
708	0.870000	0.450000	137.590000	-42.720000	0.994400	6.453350	49.305867
709	0.870000	0.400000	139.060000	-54.850000	0.995200	6.463590	49.120347
710	0.860000	0.360000	139.180000	-64.680000	0.994800	6.459812	48.949482
711	0.850000	0.380000	137.260000	-58.270000	0.995200	6.532038	49.068260
712	0.880000	0.360000	140.420000	-65.140000	0.995200	6.573101	48.987190
713	0.870000	0.340000	140.510000	-68.520000	0.993600	6.608052	49.003361
714	0.870000	0.300000	139.330000	-78.680000	0.996400	6.574859	48.998369
715	0.870000	0.360000	140.060000	-65.800000	0.996400	6.598528	48.888381
716	0.860000	0.310000	139.070000	-75.350000	0.997200	6.561887	48.935743
717	0.860000	0.330000	140.180000	-72.700000	0.997200	6.637512	48.767478
718	0.870000	0.340000	141.530000	-71.170000	0.994800	6.622719	48.954604
719	0.880000	0.350000	143.170000	-71.100000	0.992800	6.545225	48.693778
720	0.880000	0.260000	144.130000	-90.500000	0.994800	6.574517	48.873994
721	0.880000	0.260000	144.080000	-89.000000	0.994800	6.575979	49.290895
722	0.870000	0.330000	141.580000	-71.710000	0.995200	6.579362	48.902333
723	0.880000	0.380000	142.920000	-62.920000	0.993600	6.596554	49.036058
724	0.870000	0.390000	141.220000	-60.300000	0.995600	6.626827	48.987269
725	0.880000	0.440000	142.060000	-49.300000	0.996000	6.616972	49.072958
726	0.880000	0.340000	142.380000	-70.390000	0.996400	6.626020	48.831842
727	0.870000	0.350000	142.360000	-69.230000	0.996000	6.620377	48.714517
728	0.890000	0.340000	144.120000	-73.430000	0.995600	6.636769	48.797012
729	0.890000	0.360000	145.740000	-70.680000	0.995600	6.642434	49.049411
730	0.850000	0.420000	139.670000	-51.230000	0.996400	6.613292	48.640713
731	0.850000	0.420000	139.660000	-52.920000	0.996000	6.591850	48.824108
732	0.850000	0.350000	140.750000	-68.480000	0.995600	6.623654	48.946460
733	0.830000	0.380000	138.010000	-58.520000	0.995600	6.603773	49.064840
734	0.840000	0.410000	139.240000	-52.900000	0.994800	6.582015	48.959741
735	0.840000	0.450000	138.030000	-42.730000	0.994400	6.555435	49.313961
736	0.850000	0.340000	138.190000	-66.570000	0.994800	6.530109	48.781576
737	0.850000	0.370000	138.240000	-61.550000	0.996800	6.579051	48.815850
738	0.860000	0.400000	139.530000	-56.090000	0.996400	6.586005	48.885389
739	0.850000	0.410000	138.980000	-53.460000	0.996400	6.646116	49.093668
740	0.860000	0.430000	141.300000	-51.270000	0.996400	6.626880	48.896628
741	0.850000	0.430000	138.870000	-50.710000	0.995600	6.624837	49.029182
742	0.840000	0.430000	138.180000	-48.260000	0.996400	6.603706	48.992209
743	0.840000	0.410000	138.610000	-52.930000	0.996800	6.652194	49.100334
744	0.830000	0.430000	137.760000	-48.830000	0.997200	6.612005	48.972226
745	0.830000	0.410000	138.120000	-52.760000	0.996400	6.539775	49.099440
746	0.830000	0.380000	138.790000	-59.610000	0.994800	6.549340	48.893955
747	0.820000	0.400000	137.880000	-53.750000	0.991600	6.548359	48.649785
748	0.820000	0.360000	138.800000	-63.690000	0.992800	6.567183	49.020951
749	0.810000	0.380000	137.740000	-57.650000	0.995200	6.524127	49.042787
750	0.810000	0.400000	137.690000	-53.440000	0.995200	6.487483	49.098173
751	0.810000	0.490000	136.950000	-34.080000	0.995200	6.484247	48.833754
752	0.790000	0.430000	132.950000	-44.410000	0.997200	6.406926	48.843190
753	0.820000	0.440000	136.100000	-45.840000	0.994000	6.351148	48.772141
754	0.820000	0.440000	137.040000	-46.310000	0.992800	6.360600	48.747686
755	0.810000	0.360000	134.670000	-59.150000	0.993200	6.439955	48.963381
756	0.800000	0.430000	132.050000	-42.380000	0.993200	6.374147	48.990994
757	0.810000	0.410000	132.980000	-46.450000	0.996800	6.311004	48.730700
758	0.820000	0.460000	134.190000	-38.430000	0.995600	6.378215	48.669563
759	0.810000	0.450000	132.320000	-36.520000	0.997600	6.403682	48.902823
760	0.810000	0.470000	131.470000	-33.750000	0.996400	6.418455	48.936274
761	0.820000	0.390000	132.800000	-51.060000	0.997200	6.406377	48.818095
762	0.820000	0.420000	133.300000	-46.880000	0.997600	6.436024	48.807694
763	0.810000	0.330000	132.070000	-62.670000	0.996800	6.412849	48.947582
764	0.820000	0.380000	133.660000	-54.160000	0.995600	6.410639	48.930243
765	0.820000	0.360000	134.190000	-59.760000	0.997600	6.427404	48.720737
766	0.820000	0.390000	133.760000	-52.670000	0.995600	6.452801	48.791420
767	0.820000	0.370000	135.300000	-59.220000	0.992000	6.484614	48.687868
768	0.840000	0.330000	136.470000	-67.460000	0.994800	6.523681	48.826306
769	0.830000	0.410000	136.310000	-51.070000	0.994800	6.540055	48.968500
770	0.830000	0.390000	135.000000	-56.340000	0.996400	6.504469	49.169615
771	0.830000	0.400000	135.830000	-54.450000	0.996400	6.456935	48.881623
772	0.800000	0.460000	130.240000	-36.090000	0.993600	6.447447	48.908985
773	0.790000	0.490000	128.460000	-25.840000	0.995600	6.342674	48.615041
774	0.790000	0.380000	128.940000	-51.260000	0.995600	6.351410	48.469260
775	0.800000	0.430000	129.510000	-40.440000	0.995600	6.409693	48.955287
776	0.800000	0.390000	129.220000	-48.100000	0.996800	6.360150	48.309665
777	0.800000	0.400000	128.900000	-47.180000	0.996800	6.369731	48.374669
778	0.800000	0.360000	129.320000	-54.550000	0.996000	6.390070	48.878584
779	0.810000	0.380000	127.630000	-49.480000	0.997200	6.371828	48.853010
780	0.810000	0.420000	128.020000	-42.510000	0.994400	6.412808	48.826159
781	0.800000	0.410000	127.990000	-43.430000	0.996800	6.480844	48.927885
782	0.800000	0.360000	128.820000	-54.140000	0.998000	6.454751	48.547142
783	0.800000	0.330000	130.310000	-61.890000	0.997600	6.409533	48.495378
784	0.790000	0.460000	129.620000	-33.270000	0.997200	6.397349	48.760179
785	0.790000	0.450000	130.050000	-36.660000	0.996800	6.399618	48.718332
786	0.800000	0.420000	130.800000	-45.160000	0.995200	6.380155	48.792882
787	0.800000	0.430000	130.330000	-39.580000	0.993200	6.328589	48.857916
788	0.760000	0.440000	124.210000	-33.690000	0.996400	6.311005	48.687685
789	0.760000	0.470000	125.130000	-28.630000	0.997600	6.293026	48.772549
790	0.800000	0.440000	128.450000	-37.890000	0.996000	6.300568	48.800867
791	0.800000	0.350000	129.940000	-58.800000	0.995200	6.266325	48.570609
792	0.800000	0.400000	129.140000	-45.160000	0.997600	6.322829	48.801206
793	0.790000	0.400000	128.150000	-46.050000	0.996400	6.341984	48.643024
794	0.810000	0.460000	130.920000	-37.070000	0.996400	6.356455	48.658225
795	0.810000	0.430000	131.050000	-42.750000	0.996400	6.354706	48.740868
796	0.810000	0.380000	131.990000	-53.150000	0.996000	6.360212	48.617847
797	0.810000	0.410000	131.830000	-48.400000	0.997200	6.355281	48.449238
798	0.800000	0.410000	131.180000	-47.520000	0.996000	6.331222	48.549246
799	0.800000	0.380000	131.550000	-54.740000	0.996800	6.377099	48.483228
800	0.800000	0.380000	132.120000	-55.230000	0.996800	6.405106	48.651906
801	0.800000	0.390000	133.200000	-53.200000	0.994400	6.391646	48.801328
802	0.800000	0.380000	133.270000	-55.470000	0.996000	6.388817	48.627327
803	0.800000	0.370000	134.390000	-59.310000	0.996400	6.392880	48.663242
804	0.780000	0.350000	131.240000	-60.090000	0.996000	6.409724	48.588457
805	0.780000	0.470000	131.190000	-34.770000	0.996400	6.441873	48.749998
806	0.770000	0.370000	129.850000	-54.170000	0.996000	6.437096	48.795622
807	0.760000	0.460000	128.560000	-33.710000	0.996400	6.446221	48.856738
808	0.780000	0.360000	129.880000	-55.130000	0.995200	6.468729	48.634711
809	0.790000	0.390000	131.440000	-49.350000	0.996000	6.476699	48.284386
810	0.790000	0.410000	131.310000	-46.390000	0.997200	6.455917	48.684933
811	0.790000	0.360000	131.670000	-57.810000	0.996800	6.400622	48.349808
812	0.790000	0.330000	132.950000	-66.860000	0.995600	6.386313	48.422656
813	0.800000	0.420000	133.340000	-46.260000	0.994800	6.440214	48.429182
814	0.790000	0.430000	132.160000	-43.570000	0.997200	6.529858	48.808952
815	0.790000	0.400000	132.120000	-49.630000	0.997200	6.461003	48.823305
816	0.810000	0.350000	134.510000	-63.770000	0.996800	6.449919	48.720233
817	0.810000	0.350000	134.850000	-61.030000	0.997600	6.516248	48.747416
818	0.790000	0.390000	132.130000	-50.460000	0.996400	6.554519	48.981718
819	0.790000	0.460000	131.600000	-36.480000	0.991600	6.434111	48.735508
820	0.780000	0.480000	130.530000	-31.070000	0.996000	6.469715	48.594677
821	0.780000	0.390000	130.070000	-50.500000	0.993600	6.463640	48.546640
822	0.760000	0.390000	127.620000	-46.440000	0.992000	6.426075	48.599479
823	0.760000	0.430000	127.650000	-38.590000	0.994400	6.416764	48.722070
824	0.760000	0.450000	127.540000	-33.740000	0.994800	6.411111	48.736860
825	0.770000	0.480000	127.870000	-29.120000	0.994000	6.377954	48.848300
826	0.760000	0.450000	126.710000	-33.220000	0.995600	6.378601	49.053705
827	0.770000	0.430000	128.150000	-39.190000	0.996800	6.334147	48.711618
828	0.770000	0.390000	127.010000	-47.620000	0.997200	6.302253	48.641509
829	0.780000	0.450000	126.480000	-34.190000	0.996000	6.303893	48.700832
830	0.780000	0.470000	127.120000	-30.730000	0.994800	6.317834	48.463633
831	0.760000	0.450000	124.220000	-31.620000	0.996400	6.347414	48.878211
832	0.760000	0.510000	124.850000	-19.120000	0.997600	6.252920	48.525291
833	0.740000	0.410000	121.870000	-37.920000	0.997200	6.269721	48.816789
834	0.760000	0.420000	122.320000	-36.890000	0.996800	6.262702	48.569693
835	0.790000	0.420000	125.460000	-39.770000	0.997600	6.309529	48.359323
836	0.780000	0.390000	124.620000	-45.890000	0.996000	6.272096	48.533860
837	0.770000	0.400000	124.540000	-41.820000	0.996800	6.268948	48.447700
838	0.780000	0.400000	125.000000	-43.770000	0.996400	6.235084	48.782528
839	0.780000	0.420000	124.200000	-37.590000	0.995200	6.246947	48.412813
840	0.810000	0.470000	126.960000	-28.490000	0.996400	6.242528	48.602638
841	0.820000	0.440000	127.850000	-37.000000	0.996000	6.327444	48.479927
842	0.850000	0.400000	130.380000	-48.630000	0.996000	6.330355	48.505313
843	0.820000	0.420000	126.080000	-39.600000	0.995200	6.334036	48.675124
844	0.810000	0.540000	125.890000	-13.610000	0.995200	6.365114	48.643548
845	0.820000	0.420000	126.610000	-39.910000	0.994800	6.361684	48.607926
846	0.810000	0.360000	126.720000	-53.220000	0.994800	6.358066	48.671081
847	0.820000	0.430000	129.460000	-41.490000	0.996800	6.344143	48.774274
848	0.840000	0.460000	131.390000	-37.650000	0.996400	6.385220	48.793334
849	0.850000	0.400000	133.200000	-50.960000	0.997600	6.376058	48.566328
850	0.850000	0.350000	134.940000	-62.790000	0.996800	6.427796	48.913807
851	0.840000	0.330000	135.540000	-67.170000	0.999200	6.434360	48.701287
852	0.850000	0.350000	136.600000	-64.780000	0.994800	6.420284	48.645610
853	0.860000	0.420000	139.440000	-51.540000	0.994400	6.515351	48.882922
854	0.860000	0.400000	139.850000	-56.630000	0.994800	6.515514	49.021359
855	0.860000	0.390000	141.570000	-60.920000	0.996800	6.559555	49.129113
856	0.850000	0.370000	140.900000	-63.410000	0.995200	6.595305	49.158935
857	0.850000	0.410000	141.920000	-56.220000	0.994400	6.562202	48.903105
858	0.840000	0.410000	140.920000	-55.030000	0.996800	6.557069	48.807763
859	0.820000	0.360000	137.290000	-61.190000	0.994400	6.569931	49.012149
860	0.810000	0.440000	135.840000	-43.390000	0.994800	6.577977	48.984313
861	0.810000	0.490000	134.620000	-33.410000	0.996000	6.486501	49.050185
862	0.840000	0.460000	137.410000	-41.710000	0.994400	6.468452	48.845537
863	0.850000	0.510000	138.380000	-32.330000	0.993600	6.437242	48.242016
864	0.840000	0.480000	137.010000	-36.880000	0.996000	6.389852	48.795136
865	0.840000	0.430000	136.800000	-47.210000	0.998000	6.386995	48.724536
866	0.860000	0.350000	137.710000	-66.170000	0.996400	6.448822	48.724696
867	0.870000	0.340000	138.730000	-67.920000	0.997600	6.446898	48.803096
868	0.850000	0.390000	137.650000	-56.280000	0.997600	6.454073	48.864652
869	0.860000	0.380000	138.980000	-58.960000	0.996400	6.458956	48.670016
870	0.860000	0.380000	140.410000	-61.410000	0.995600	6.518764	48.539006
871	0.850000	0.330000	138.570000	-70.190000	0.995600	6.508252	49.116947
872	0.850000	0.360000	139.210000	-64.010000	0.995600	6.482370	48.181365
873	0.860000	0.360000	140.450000	-65.590000	0.995200	6.471423	48.994323
874	0.850000	0.340000	140.770000	-69.430000	0.996400	6.465707	49.021878
875	0.850000	0.380000	141.690000	-63.160000	0.996000	6.513106	49.073743
876	0.850000	0.390000	139.970000	-58.670000	0.996000	6.546738	49.097162
877	0.830000	0.440000	137.680000	-44.660000	0.994000	6.536652	48.911451
878	0.830000	0.430000	138.810000	-47.740000	0.997200	6.497107	49.017053
879	0.830000	0.370000	137.560000	-60.130000	0.994800	6.493914	48.852036
880	0.830000	0.380000	135.450000	-55.440000	0.995600	6.461188	48.777646
881	0.830000	0.430000	136.160000	-46.000000	0.994800	6.479897	48.449158
882	0.820000	0.360000	135.430000	-61.450000	0.996400	6.487494	48.664839
883	0.820000	0.350000	134.480000	-61.710000	0.995200	6.449635	49.144471
884	0.820000	0.360000	134.650000	-60.210000	0.995200	6.445263	48.740722
885	0.820000	0.340000	135.700000	-65.790000	0.996000	6.418918	48.916118
886	0.810000	0.360000	134.520000	-60.090000	0.995200	6.379680	48.887057
887	0.810000	0.390000	135.670000	-56.060000	0.996800	6.349893	48.544560
888	0.800000	0.350000	134.550000	-63.060000	0.995200	6.379197	49.041947
889	0.810000	0.360000	135.260000	-62.480000	0.994800	6.393406	48.695009
890	0.810000	0.420000	136.640000	-49.140000	0.996000	6.430759	48.901656
891	0.810000	0.370000	134.480000	-57.160000	0.996800	6.503069	48.888110
892	0.800000	0.340000	133.510000	-63.340000	0.995200	6.418827	48.841681
893	0.800000	0.350000	133.850000	-60.070000	0.994400	6.399516	48.898935
894	0.800000	0.430000	134.040000	-43.980000	0.996800	6.351770	48.658757
895	0.800000	0.470000	131.260000	-33.040000	0.996800	6.328513	48.588432
896	0.820000	0.450000	130.660000	-38.300000	0.995200	6.304166	48.643457
897	0.830000	0.400000	130.760000	-49.000000	0.996400	6.377465	48.565396
898	0.830000	0.490000	131.790000	-30.330000	0.996400	6.358314	48.781168
899	0.840000	0.460000	133.130000	-38.960000	0.995600	6.338809	48.740134
900	0.830000	0.480000	133.410000	-33.400000	0.997200	6.409652	48.858233
901	0.850000	0.400000	134.700000	-52.830000	0.994800	6.393038	48.734633
902	0.830000	0.390000	134.070000	-55.720000	0.994400	6.413422	48.913773
903	0.850000	0.400000	136.380000	-53.260000	0.995200	6.436175	49.383812
904	0.860000	0.380000	137.010000	-59.540000	0.996800	6.365330	48.829575
905	0.860000	0.380000	138.510000	-59.910000	0.995600	6.449662	48.728808
906	0.860000	0.410000	138.680000	-53.220000	0.997200	6.420287	48.727666
907	0.860000	0.390000	137.490000	-55.960000	0.997200	6.431742	48.910859
908	0.850000	0.470000	137.380000	-39.500000	0.996000	6.435536	48.615210
909	0.860000	0.410000	138.940000	-53.650000	0.996800	6.441630	48.843769
910	0.840000	0.360000	137.080000	-64.690000	0.994400	6.554342	48.999704
911	0.840000	0.390000	137.990000	-58.540000	0.997200	6.518538	48.641997
912	0.840000	0.380000	135.390000	-57.300000	0.992800	6.598674	48.735163
913	0.840000	0.430000	136.670000	-47.760000	0.993600	6.560926	48.840472
914	0.830000	0.390000	136.250000	-56.410000	0.994800	6.523887	48.826656
915	0.840000	0.350000	137.060000	-65.650000	0.996000	6.521890	48.763149
916	0.850000	0.420000	138.490000	-49.560000	0.995600	6.508565	48.533177
917	0.830000	0.420000	135.780000	-48.200000	0.995600	6.555800	48.727120
918	0.830000	0.380000	137.200000	-60.200000	0.994400	6.515650	48.902717
919	0.840000	0.330000	137.460000	-68.970000	0.997600	6.533245	48.873396
920	0.840000	0.340000	138.840000	-68.590000	0.998400	6.547488	48.741822
921	0.840000	0.320000	139.340000	-73.680000	0.996000	6.588723	48.925813
922	0.830000	0.420000	138.790000	-52.510000	0.995200	6.594435	48.619220
923	0.830000	0.360000	139.910000	-65.050000	0.995600	6.581291	48.813603
924	0.840000	0.340000	140.530000	-69.910000	0.996800	6.542678	48.977210
925	0.830000	0.350000	138.710000	-66.990000	0.996400	6.605516	48.788430
926	0.830000	0.430000	137.650000	-46.890000	0.995600	6.666642	48.834697
927	0.850000	0.380000	137.850000	-57.750000	0.994400	6.622382	48.963767
928	0.860000	0.470000	139.830000	-41.110000	0.994400	6.613737	49.053787
929	0.860000	0.420000	139.030000	-51.140000	0.998800	6.671541	48.732932
930	0.870000	0.410000	140.450000	-54.880000	0.992800	6.628552	48.614121
931	0.880000	0.350000	141.560000	-69.510000	0.996000	6.654458	49.097288
932	0.880000	0.340000	142.860000	-73.080000	0.996000	6.639943	48.733939
933	0.880000	0.390000	143.660000	-61.960000	0.994400	6.625750	48.857836
934	0.890000	0.410000	144.630000	-58.450000	0.996400	6.680601	48.985570
935	0.880000	0.320000	144.530000	-77.220000	0.996400	6.654940	49.015956
936	0.890000	0.350000	146.420000	-74.380000	0.995600	6.645262	49.130958
937	0.890000	0.380000	146.730000	-67.240000	0.996400	6.686670	48.972158
938	0.880000	0.300000	143.790000	-80.410000	0.995600	6.718886	49.135261
939	0.910000	0.310000	147.510000	-82.860000	0.995200	6.704142	49.113190
940	0.910000	0.330000	148.960000	-79.330000	0.992800	6.746548	48.881226
941	0.890000	0.320000	146.690000	-79.670000	0.995200	6.726687	48.765074
942	0.880000	0.310000	145.790000	-80.980000	0.994400	6.791616	49.201305
943	0.860000	0.330000	143.280000	-74.090000	0.996800	6.809619	48.938712
944	0.870000	0.300000	143.960000	-81.120000	0.996000	6.812307	48.898154
945	0.850000	0.320000	141.680000	-74.950000	0.996400	6.756527	49.043420
946	0.850000	0.370000	139.990000	-62.570000	0.996000	6.711523	48.775281
947	0.880000	0.380000	141.490000	-61.920000	0.995200	6.680898	48.803438
948	0.910000	0.350000	144.410000	-72.420000	0.996800	6.683485	48.889333
949	0.910000	0.360000	146.150000	-72.220000	0.996400	6.735637	48.879287
950	0.920000	0.350000	146.090000	-73.690000	0.996000	6.743968	49.174836
951	0.900000	0.410000	143.840000	-58.000000	0.994800	6.737185	49.159512
952	0.910000	0.400000	146.290000	-63.550000	0.994800	6.710953	49.232442
953	0.910000	0.300000	146.570000	-85.640000	0.995200	6.761385	49.023147
954	0.920000	0.290000	147.360000	-87.890000	0.996400	6.770570	48.894394
955	0.900000	0.280000	143.620000	-85.180000	0.996400	6.777346	48.871308
956	0.900000	0.340000	143.200000	-72.750000	0.997200	6.715848	49.157675
957	0.910000	0.290000	146.250000	-86.550000	0.996000	6.766360	48.923988
958	0.910000	0.290000	146.760000	-87.480000	0.995600	6.795110	49.203754
959	0.900000	0.310000	146.180000	-83.540000	0.996800	6.757258	48.964324
960	0.880000	0.290000	143.640000	-82.800000	0.994800	6.758487	49.542025
961	0.880000	0.340000	144.520000	-74.750000	0.994400	6.737621	48.888017
962	0.890000	0.340000	146.130000	-74.230000	0.993600	6.747171	49.071341
963	0.890000	0.290000	145.420000	-85.260000	0.994800	6.713634	48.950003
964	0.880000	0.360000	144.990000	-70.690000	0.995200	6.721192	49.047229
965	0.880000	0.330000	145.310000	-77.540000	0.995200	6.716391	48.867032
966	0.870000	0.280000	143.320000	-85.320000	0.995200	6.676466	49.180036
967	0.890000	0.340000	146.400000	-76.660000	0.996800	6.636581	48.744791
968	0.890000	0.370000	147.680000	-70.230000	0.995600	6.680531	48.824986
969	0.870000	0.360000	145.530000	-69.430000	0.996800	6.687387	49.036207
970	0.850000	0.380000	141.910000	-63.980000	0.998000	6.705027	49.002468
971	0.850000	0.360000	142.800000	-67.270000	0.997200	6.659002	48.950569
972	0.830000	0.330000	140.310000	-72.470000	0.995600	6.656489	49.031167
973	0.830000	0.360000	140.390000	-66.270000	0.994800	6.612219	48.693687
974	0.840000	0.370000	139.780000	-63.120000	0.995600	6.657539	48.900964
975	0.840000	0.360000	140.060000	-65.950000	0.993600	6.590889	48.794399
976	0.840000	0.290000	140.130000	-81.370000	0.994400	6.548932	48.803695
977	0.830000	0.330000	138.910000	-70.280000	0.996000	6.537714	48.425826
978	0.830000	0.270000	139.630000	-84.570000	0.993600	6.566266	48.698194
979	0.830000	0.230000	140.190000	-93.870000	0.994000	6.602581	49.105104
980	0.820000	0.330000	138.350000	-71.310000	0.996000	6.603244	49.181972
981	0.820000	0.340000	138.840000	-68.810000	0.997200	6.595018	49.142943
982	0.810000	0.300000	135.550000	-73.410000	0.996400	6.560335	48.997484
983	0.810000	0.360000	136.990000	-62.860000	0.995600	6.574314	49.006553
984	0.820000	0.360000	136.710000	-62.110000	0.995600	6.533618	48.534498
985	0.820000	0.400000	135.970000	-52.730000	0.997200	6.521547	48.729037
986	0.820000	0.330000	136.510000	-67.610000	0.995600	6.528976	49.080868
987	0.810000	0.360000	134.350000	-59.480000	0.997200	6.500806	48.969636
988	0.800000	0.350000	132.410000	-58.490000	0.995200	6.448322	48.705082
989	0.810000	0.430000	132.270000	-43.800000	0.996000	6.376903	48.575679
990	0.810000	0.450000	131.750000	-36.410000	0.996800	6.388834	48.763783
991	0.810000	0.430000	130.560000	-40.250000	0.995600	6.365476	48.540176
992	0.820000	0.430000	132.240000	-41.640000	0.997600	6.332394	48.345709
993	0.820000	0.400000	133.440000	-50.920000	0.996400	6.329237	48.790164
994	0.820000	0.400000	133.540000	-49.710000	0.996000	6.328380	48.770559
995	0.830000	0.420000	135.210000	-47.750000	0.995600	6.434653	48.952474
996	0.830000	0.300000	135.510000	-73.860000	0.995200	6.436227	48.625142
997	0.830000	0.390000	136.450000	-55.780000	0.997200	6.477959	48.661228
998	0.840000	0.360000	137.830000	-64.440000	0.998400	6.470366	48.580189
999	0.830000	0.380000	135.750000	-57.410000	0.995600	6.489259	49.036480
