0	0.000000	1.000000	0.000000	180.000000	1.000000	3.968094	45.068246
1	0.000000	1.000000	0.000000	207.000000	1.000000	3.755336	45.135012
2	0.500000	0.500000	18.500000	74.500000	1.000000	3.560546	43.916954
3	0.500000	1.000000	19.500000	175.500000	1.000000	4.258205	47.867457
4	0.500000	1.000000	22.000000	167.500000	1.000000	4.231511	46.075698
5	0.500000	1.000000	26.000000	164.000000	1.000000	4.106410	47.003847
6	0.500000	0.500000	28.500000	45.500000	1.000000	4.428563	46.166859
7	0.500000	1.000000	34.000000	158.000000	1.000000	4.445621	45.931857
8	0.500000	0.500000	37.500000	47.000000	1.000000	4.429845	44.833245
9	0.500000	0.500000	43.000000	54.000000	1.000000	5.012560	47.612045
10	0.500000	1.000000	43.500000	145.000000	1.000000	4.850960	46.363380
11	0.500000	0.500000	47.000000	58.000000	1.000000	5.080820	45.820285
12	0.500000	0.500000	49.500000	43.500000	1.000000	4.440703	44.900010
13	0.500000	1.000000	51.500000	160.500000	1.000000	4.732450	49.568056
14	0.500000	1.000000	53.500000	155.000000	1.000000	4.676907	48.122870
15	0.500000	0.500000	60.500000	20.000000	0.980000	5.048227	49.051019
16	0.500000	1.000000	64.000000	120.000000	1.000000	5.148609	48.266711
17	1.000000	1.000000	84.500000	119.000000	1.000000	5.385402	46.278430
18	1.000000	0.500000	89.500000	18.500000	0.980000	6.185458	46.912686
19	1.000000	0.500000	95.000000	15.000000	1.000000	5.973843	46.422271
20	1.000000	0.500000	103.500000	5.500000	1.000000	5.806839	46.768845
21	1.000000	0.500000	108.500000	7.500000	1.000000	6.161065	48.214031
22	1.000000	0.500000	116.500000	-10.000000	1.000000	6.615159	47.808566
23	1.000000	0.500000	122.000000	-15.500000	1.000000	6.553605	46.142464
24	1.000000	0.000000	127.000000	-127.000000	1.000000	6.918277	49.456484
25	1.000000	0.500000	129.500000	-23.000000	1.000000	7.489591	49.162591
26	1.000000	0.000000	136.500000	-136.500000	1.000000	7.231976	49.509165
27	1.000000	0.000000	140.500000	-140.500000	1.000000	6.890279	50.954350
28	1.000000	0.500000	144.000000	-49.000000	1.000000	7.176386	49.914630
29	1.000000	0.000000	146.000000	-146.000000	1.000000	7.164693	49.253752
30	1.000000	0.000000	148.500000	-148.500000	0.980000	7.569473	48.469444
31	1.000000	0.000000	152.500000	-152.500000	0.980000	7.374181	50.751618
32	1.000000	0.000000	158.000000	-158.000000	1.000000	7.669029	48.907178
33	1.000000	0.000000	161.000000	-161.000000	0.980000	7.476664	49.509165
34	1.000000	0.000000	163.000000	-163.000000	0.960000	7.380232	50.954350
35	1.000000	0.000000	165.000000	-165.000000	0.980000	7.437617	50.202312
36	1.000000	0.500000	166.500000	-55.000000	0.980000	7.709397	51.647498
37	1.000000	0.500000	163.000000	-50.000000	1.000000	7.332763	48.528335
38	1.000000	0.000000	160.000000	-160.000000	0.980000	6.928360	47.717405
39	1.000000	0.500000	163.000000	-54.500000	0.980000	7.148059	49.855738
40	1.000000	0.500000	165.000000	-52.000000	1.000000	7.348181	48.357872
41	1.000000	0.000000	170.000000	-170.000000	0.980000	7.065753	49.711897
42	1.000000	0.000000	167.500000	-167.500000	1.000000	7.132326	48.966070
43	1.000000	0.000000	169.500000	-169.500000	1.000000	6.980253	50.496205
44	1.000000	0.000000	173.000000	-173.000000	1.000000	7.364884	51.503657
45	1.000000	0.500000	170.500000	-56.500000	1.000000	7.185501	48.816017
46	1.000000	0.500000	171.000000	-54.000000	0.980000	7.475206	50.954350
47	1.000000	0.000000	173.000000	-173.000000	0.980000	7.151258	50.810509
48	1.000000	0.000000	177.000000	-177.000000	1.000000	7.345444	49.221482
49	1.000000	0.500000	177.000000	-75.500000	1.000000	7.033625	51.157083
50	1.000000	0.500000	168.500000	-65.500000	1.000000	7.074300	47.370831
51	1.000000	0.000000	166.000000	-166.000000	0.980000	7.143617	47.808566
52	1.000000	0.000000	166.500000	-166.500000	1.000000	7.199646	49.109911
53	1.000000	0.000000	171.500000	-171.500000	0.980000	7.228686	52.399536
54	1.000000	0.000000	172.000000	-172.000000	0.960000	7.447889	51.444765
55	1.000000	0.500000	176.000000	-63.000000	0.960000	7.238851	49.162591
56	1.000000	0.500000	176.000000	-62.000000	1.000000	7.180480	48.651765
57	1.000000	0.000000	180.000000	-180.000000	1.000000	7.548201	50.496205
58	1.000000	0.500000	173.500000	-60.000000	1.000000	7.815331	50.548885
59	1.000000	0.000000	175.000000	-175.000000	1.000000	7.255411	50.954350
60	1.000000	0.000000	176.000000	-176.000000	1.000000	7.187598	50.463936
61	1.000000	0.500000	175.500000	-74.500000	1.000000	6.735815	50.405044
62	1.000000	0.000000	178.500000	-178.500000	1.000000	6.763731	50.058471
63	1.000000	0.000000	172.500000	-172.500000	1.000000	6.712107	48.704446
64	1.000000	0.000000	176.000000	-176.000000	1.000000	6.664994	48.613285
65	1.000000	0.000000	169.500000	-169.500000	1.000000	6.726132	47.867457
66	1.000000	0.000000	172.000000	-172.000000	1.000000	7.029464	46.513432
67	1.000000	0.500000	171.500000	-61.000000	1.000000	7.381666	47.867457
68	1.000000	0.000000	169.500000	-169.500000	1.000000	6.994337	48.816017
69	1.000000	0.000000	157.500000	-157.500000	1.000000	7.147012	48.816017
70	1.000000	0.000000	158.000000	-158.000000	1.000000	7.247430	51.045511
71	1.000000	0.000000	164.000000	-164.000000	1.000000	7.489903	52.255695
72	1.000000	0.500000	168.500000	-70.500000	1.000000	7.379700	50.463936
73	1.000000	0.000000	163.000000	-163.000000	1.000000	7.478698	51.157083
74	1.000000	0.000000	160.500000	-160.500000	0.980000	7.094706	48.063979
75	1.000000	0.500000	163.000000	-61.500000	1.000000	7.250418	48.907178
76	1.000000	0.500000	162.000000	-60.000000	0.960000	7.581687	51.157083
77	1.000000	0.000000	170.000000	-170.000000	0.980000	7.577980	50.954350
78	1.000000	0.000000	172.000000	-172.000000	0.980000	7.516058	49.162591
79	1.000000	0.000000	172.500000	-172.500000	0.960000	7.429857	50.261203
80	1.000000	0.000000	177.000000	-177.000000	0.960000	7.718309	49.946899
81	1.000000	0.000000	168.000000	-168.000000	0.980000	7.692265	51.300924
82	1.000000	0.000000	169.500000	-169.500000	1.000000	7.951804	50.405044
83	1.000000	0.000000	169.500000	-169.500000	0.980000	7.729381	48.155139
84	1.000000	0.500000	170.500000	-61.000000	1.000000	7.844803	50.607777
85	1.000000	0.000000	172.500000	-172.500000	1.000000	7.823547	50.058471
86	1.000000	0.000000	176.000000	-176.000000	1.000000	7.935429	49.946899
87	1.000000	0.000000	166.500000	-166.500000	1.000000	7.478096	47.776297
88	1.000000	0.000000	163.000000	-163.000000	1.000000	7.187191	48.469444
89	1.000000	0.000000	168.000000	-168.000000	1.000000	7.565076	50.117362
90	1.000000	0.000000	171.000000	-171.000000	1.000000	7.689761	50.117362
91	1.000000	0.000000	172.000000	-172.000000	1.000000	7.820373	50.293472
92	1.000000	0.000000	173.500000	-173.500000	0.980000	7.731429	51.706389
93	1.000000	0.000000	172.500000	-172.500000	1.000000	7.390547	49.109911
94	1.000000	0.500000	171.000000	-59.000000	1.000000	7.102301	50.149631
95	1.000000	0.000000	176.000000	-176.000000	0.980000	7.700629	50.058471
96	1.000000	0.000000	175.500000	-175.500000	1.000000	7.159006	50.555097
97	1.000000	0.500000	175.500000	-64.500000	0.980000	7.072922	50.463936
98	1.000000	0.000000	178.500000	-178.500000	1.000000	6.891931	51.359815
99	1.000000	0.500000	171.000000	-68.500000	0.960000	7.155104	49.312643
100	1.000000	0.000000	172.000000	-172.000000	0.980000	6.668682	49.253752
101	1.000000	0.000000	173.000000	-173.000000	0.980000	6.923423	48.874909
102	1.000000	0.000000	174.500000	-174.500000	0.980000	7.205599	50.463936
103	1.000000	0.000000	172.500000	-172.500000	0.960000	7.561482	50.261203
104	0.500000	0.000000	85.000000	-85.000000	0.960000	7.737987	52.255695
105	0.500000	0.000000	86.000000	-86.000000	0.980000	6.606858	50.751618
106	0.500000	0.500000	85.500000	16.500000	1.000000	5.677117	48.907178
107	0.500000	1.000000	85.500000	114.500000	0.980000	5.377659	46.128378
108	0.500000	0.500000	87.000000	10.000000	0.960000	5.518606	48.416763
109	0.500000	1.000000	87.500000	106.500000	0.980000	5.672341	47.514672
110	0.500000	0.500000	86.000000	5.000000	0.980000	5.991302	48.357872
111	0.500000	0.500000	85.500000	16.500000	1.000000	6.156004	47.461992
112	0.500000	0.500000	84.500000	20.000000	1.000000	5.454388	48.560605
113	0.500000	1.000000	84.500000	130.500000	1.000000	5.496857	46.971578
114	1.000000	1.000000	101.000000	102.000000	1.000000	5.358768	48.214031
115	1.000000	1.000000	105.000000	92.000000	1.000000	5.316716	47.318151
116	1.000000	0.500000	106.500000	-1.000000	1.000000	5.304729	48.325603
117	0.500000	0.500000	79.000000	25.000000	0.980000	5.595581	49.509165
118	0.500000	0.500000	81.500000	19.500000	0.980000	5.383260	48.907178
119	0.500000	0.000000	82.000000	-82.000000	0.980000	5.872635	48.469444
120	0.500000	0.500000	85.000000	4.500000	1.000000	5.662927	48.613285
121	0.500000	0.000000	83.500000	-83.500000	1.000000	5.676970	49.509165
122	0.500000	0.500000	83.500000	29.500000	1.000000	5.308704	48.560605
123	0.500000	1.000000	82.500000	118.000000	1.000000	5.097713	46.513432
124	0.500000	0.500000	81.500000	17.500000	1.000000	5.400741	48.155139
125	0.500000	0.500000	84.000000	16.000000	1.000000	5.460778	49.711897
126	0.500000	0.500000	82.000000	28.500000	1.000000	5.321437	46.422271
127	0.500000	0.500000	85.500000	17.500000	1.000000	5.795685	47.717405
128	0.500000	0.500000	86.500000	-1.500000	0.980000	5.852324	48.357872
129	0.500000	0.500000	90.000000	11.000000	1.000000	5.782878	47.318151
130	0.500000	0.500000	87.500000	7.500000	1.000000	5.632094	49.253752
131	0.500000	0.000000	87.000000	-87.000000	1.000000	5.738239	48.704446
132	0.500000	0.500000	89.000000	27.000000	1.000000	5.418572	47.461992
133	0.500000	0.500000	87.000000	22.500000	0.960000	5.282166	46.331111
134	0.500000	0.500000	91.000000	20.500000	0.980000	5.469395	49.365323
135	0.500000	0.500000	89.000000	9.000000	0.980000	5.420496	47.920138
136	0.500000	0.500000	88.000000	15.500000	1.000000	5.450723	48.907178
137	0.500000	0.500000	88.000000	22.500000	1.000000	5.322323	47.115419
138	0.500000	0.500000	89.000000	18.500000	1.000000	5.289990	45.670233
139	0.500000	0.500000	90.000000	-19.000000	1.000000	5.391793	47.174310
140	0.500000	0.500000	84.500000	-9.000000	1.000000	5.364109	46.075698
141	0.500000	0.500000	83.500000	-1.500000	0.960000	5.636367	48.070190
142	0.500000	0.500000	85.000000	-21.000000	0.960000	5.498113	45.637963
143	0.500000	0.500000	86.500000	6.000000	1.000000	5.265059	46.422271
144	0.500000	0.500000	88.000000	17.500000	1.000000	5.813270	48.122870
145	0.500000	0.500000	82.000000	26.500000	1.000000	5.838867	44.004130
146	0.500000	0.500000	81.000000	26.000000	0.980000	5.459240	47.409312
147	0.500000	0.500000	82.500000	3.500000	0.960000	5.231329	45.068246
148	0.500000	0.500000	80.000000	21.000000	0.980000	5.421737	49.509165
149	0.500000	0.500000	82.500000	19.000000	0.980000	5.794145	48.907178
150	0.500000	0.500000	84.500000	27.500000	0.980000	5.558680	49.018750
151	0.500000	0.500000	84.000000	4.000000	0.980000	5.267697	47.318151
152	0.500000	0.500000	83.500000	29.500000	1.000000	4.724876	47.461992
153	0.500000	0.500000	86.500000	25.000000	1.000000	5.026994	48.816017
154	0.500000	0.500000	83.500000	30.000000	0.980000	5.041882	48.704446
155	0.500000	0.500000	85.500000	16.500000	1.000000	5.341066	44.958902
156	0.500000	0.500000	89.500000	15.500000	1.000000	5.375274	46.860006
157	0.500000	0.500000	87.000000	5.000000	0.980000	5.072858	46.310700
158	0.500000	0.000000	79.500000	-79.500000	0.980000	5.020002	46.278430
159	0.500000	0.500000	81.000000	22.500000	1.000000	5.263395	48.063979
160	0.500000	0.500000	81.000000	18.500000	1.000000	4.922725	45.035977
161	0.500000	0.500000	81.500000	3.000000	1.000000	5.037499	47.776297
162	0.500000	0.500000	83.500000	10.000000	1.000000	5.202599	46.768845
163	0.500000	1.000000	78.500000	129.000000	1.000000	4.931166	44.756169
164	0.500000	0.500000	80.500000	14.500000	0.980000	4.877301	46.768845
165	0.500000	0.500000	81.000000	19.500000	1.000000	5.129484	48.757126
166	0.500000	0.500000	83.500000	25.500000	0.960000	5.510339	49.162591
167	0.500000	0.500000	87.500000	20.000000	1.000000	5.416397	47.867457
168	0.500000	0.500000	87.500000	16.000000	1.000000	5.470027	45.508208
169	0.500000	0.000000	90.000000	-90.000000	0.980000	5.560944	47.461992
170	0.500000	0.500000	88.000000	-8.000000	1.000000	5.258306	45.761394
171	0.500000	0.500000	90.000000	22.000000	1.000000	5.239847	49.162591
172	0.500000	0.000000	91.000000	-91.000000	0.980000	5.679235	47.723616
173	0.500000	0.000000	90.000000	-90.000000	1.000000	5.571508	47.115419
174	0.500000	0.500000	88.000000	-22.000000	1.000000	5.416455	47.461992
175	0.500000	0.500000	90.000000	10.500000	0.980000	5.417140	48.325603
176	0.500000	0.500000	89.500000	5.000000	1.000000	5.083923	48.560605
177	0.500000	0.500000	90.500000	14.500000	0.980000	5.406123	46.768845
178	0.500000	0.500000	88.000000	-0.500000	0.980000	5.231302	46.768845
179	0.500000	0.500000	90.000000	7.000000	0.980000	4.790220	45.795890
180	0.500000	0.500000	86.500000	11.500000	1.000000	4.725571	47.429723
181	0.500000	0.500000	85.500000	6.000000	1.000000	4.619306	48.305192
182	0.500000	0.500000	84.500000	18.500000	1.000000	4.516014	45.964126
183	0.500000	0.500000	88.500000	8.000000	1.000000	4.959180	47.664725
184	0.500000	0.500000	89.500000	8.500000	1.000000	4.626636	47.573564
185	0.500000	0.500000	77.500000	19.000000	1.000000	4.595007	43.637146
186	0.500000	0.500000	79.000000	19.000000	1.000000	4.849595	45.362140
187	0.500000	0.500000	78.000000	15.500000	1.000000	4.979430	47.587649
188	0.500000	0.500000	80.000000	30.500000	1.000000	4.924179	45.414820
189	0.500000	0.500000	81.000000	18.000000	0.980000	5.071828	47.206579
190	0.500000	0.500000	82.500000	19.500000	0.980000	4.883335	47.723616
191	0.500000	0.500000	84.000000	27.500000	1.000000	5.334714	46.075698
192	0.500000	0.500000	85.000000	15.000000	0.960000	5.285111	47.664725
193	0.500000	0.500000	83.000000	24.500000	1.000000	5.785825	48.874909
194	0.500000	0.500000	84.000000	18.500000	1.000000	5.349228	49.253752
195	0.500000	0.500000	85.000000	7.000000	1.000000	5.193414	45.872965
196	0.500000	0.500000	86.000000	1.500000	0.980000	5.250540	47.573564
197	0.500000	1.000000	88.000000	109.500000	0.980000	5.436590	45.905235
198	0.500000	0.500000	86.500000	20.500000	1.000000	4.934708	46.422271
199	0.500000	1.000000	85.500000	124.000000	1.000000	4.657715	44.977086
200	0.500000	1.000000	87.500000	106.000000	1.000000	4.900498	46.513432
201	0.500000	0.500000	86.000000	8.500000	1.000000	5.261454	47.370831
202	0.500000	0.500000	85.000000	13.500000	0.980000	5.254005	44.900010
203	0.500000	0.500000	82.500000	26.000000	0.980000	5.235096	46.369591
204	0.500000	1.000000	82.000000	125.000000	0.980000	5.526785	46.219539
205	0.500000	1.000000	65.500000	132.500000	0.980000	5.338244	45.795890
206	0.500000	0.000000	69.000000	-69.000000	0.980000	5.439281	48.907178
207	0.500000	0.500000	68.500000	32.000000	1.000000	5.337217	48.266711
208	0.500000	0.500000	70.000000	27.500000	1.000000	5.547632	48.816017
209	0.500000	0.500000	73.000000	28.500000	1.000000	5.192742	46.345196
210	0.500000	1.000000	75.000000	129.000000	1.000000	5.557198	47.083149
211	0.500000	1.000000	75.000000	135.000000	1.000000	5.934936	47.952407
212	0.500000	1.000000	78.500000	115.500000	1.000000	5.715363	49.018750
213	0.500000	1.000000	76.500000	111.000000	1.000000	5.661530	49.109911
214	0.500000	0.500000	80.000000	-12.000000	1.000000	5.490350	47.808566
215	0.500000	0.500000	77.000000	31.000000	1.000000	5.268606	47.920138
216	0.500000	0.500000	75.500000	29.000000	1.000000	5.255793	47.664725
217	0.000000	0.500000	0.000000	107.500000	0.980000	5.635183	48.907178
218	0.000000	1.000000	0.000000	202.500000	0.980000	5.191798	46.075698
219	0.000000	0.500000	0.000000	111.500000	1.000000	4.764150	46.454541
220	0.000000	1.000000	0.000000	198.000000	1.000000	3.970265	46.422271
221	0.000000	0.500000	0.000000	103.500000	1.000000	3.655256	46.075698
222	0.000000	1.000000	0.000000	194.500000	1.000000	3.948056	46.219539
223	0.000000	1.000000	0.000000	185.000000	1.000000	4.147666	43.657557
224	0.000000	1.000000	0.000000	194.000000	1.000000	3.786759	45.670233
225	0.000000	1.000000	0.000000	198.500000	1.000000	4.379518	46.075698
226	0.000000	1.000000	0.000000	199.500000	1.000000	3.747021	46.768845
227	0.000000	1.000000	0.000000	188.500000	1.000000	4.178123	44.827033
228	0.000000	0.500000	0.000000	97.000000	1.000000	3.937246	45.270979
229	0.000000	1.000000	0.000000	190.000000	1.000000	4.225552	45.761394
230	0.000000	1.000000	0.000000	186.000000	1.000000	4.412365	46.023018
231	0.000000	1.000000	0.000000	177.000000	1.000000	4.450210	46.566112
232	0.000000	0.500000	0.000000	98.500000	1.000000	4.591826	47.083149
233	0.000000	0.500000	0.000000	85.000000	1.000000	4.387509	46.533843
234	0.000000	1.000000	0.000000	204.000000	1.000000	4.354271	43.884685
235	0.000000	1.000000	0.000000	209.000000	1.000000	4.320872	46.422271
236	0.000000	1.000000	0.000000	207.500000	1.000000	4.145333	43.545985
237	0.000000	0.500000	0.000000	98.000000	1.000000	4.060497	46.768845
238	0.000000	1.000000	0.000000	204.000000	1.000000	4.565585	48.874909
239	0.000000	0.500000	0.000000	86.500000	1.000000	4.245141	47.226990
240	0.000000	1.000000	0.000000	199.500000	1.000000	4.260456	48.266711
241	0.000000	1.000000	0.000000	206.000000	1.000000	4.476371	47.024258
242	0.000000	1.000000	0.000000	182.500000	1.000000	4.067888	47.461992
243	0.000000	1.000000	0.000000	182.500000	1.000000	4.094319	44.924405
244	0.000000	1.000000	0.000000	154.000000	1.000000	4.801499	47.226990
245	0.000000	1.000000	0.000000	201.500000	1.000000	4.247098	44.486671
246	0.000000	0.500000	0.000000	100.000000	1.000000	3.651148	43.748718
247	0.000000	1.000000	0.000000	209.500000	1.000000	3.837829	45.102743
248	0.000000	1.000000	0.000000	214.500000	1.000000	4.105941	45.729124
249	0.000000	1.000000	0.000000	209.500000	1.000000	3.792875	45.670233
250	0.000000	1.000000	0.000000	208.000000	1.000000	4.259534	46.827737
251	0.000000	1.000000	0.000000	204.500000	1.000000	4.117860	47.776297
252	0.000000	1.000000	0.000000	201.500000	1.000000	4.316691	45.585283
253	0.000000	1.000000	0.000000	197.000000	1.000000	4.222815	47.115419
254	0.000000	1.000000	0.000000	197.500000	1.000000	4.054418	44.577832
255	0.000000	1.000000	0.000000	207.500000	1.000000	4.247056	44.721673
256	0.000000	1.000000	0.000000	192.500000	1.000000	4.842402	44.577832
257	0.000000	1.000000	0.000000	169.500000	1.000000	4.471113	43.714221
258	0.000000	0.500000	0.000000	85.500000	1.000000	4.299135	42.216355
259	0.000000	0.500000	0.000000	92.500000	1.000000	3.836416	43.458808
260	0.000000	1.000000	0.000000	203.500000	1.000000	3.731508	44.812834
261	0.000000	1.000000	0.000000	213.500000	1.000000	4.151670	48.214031
262	0.000000	1.000000	0.000000	203.500000	1.000000	3.620751	43.055571
263	0.000000	1.000000	0.000000	200.000000	1.000000	3.741045	47.920138
264	0.000000	0.500000	0.000000	96.000000	1.000000	3.549778	45.508208
265	0.000000	0.500000	0.000000	90.000000	1.000000	3.929372	44.991171
266	0.000000	1.000000	0.000000	175.500000	1.000000	3.648684	45.323659
267	0.000000	1.000000	0.000000	171.500000	1.000000	4.298202	45.984537
268	0.000000	1.000000	0.000000	201.000000	1.000000	3.124402	45.179818
269	0.000000	1.000000	0.000000	196.000000	1.000000	3.718595	45.382551
270	0.000000	1.000000	0.000000	199.500000	1.000000	3.385467	43.623060
271	0.000000	1.000000	0.000000	160.500000	1.000000	3.477240	46.023018
272	0.000000	1.000000	0.000000	186.500000	1.000000	3.638053	46.166859
273	0.000000	1.000000	0.000000	195.500000	1.000000	3.719918	48.122870
274	0.000000	1.000000	0.000000	194.500000	1.000000	3.804938	45.435231
275	0.000000	1.000000	0.000000	196.500000	1.000000	3.680355	45.526392
276	0.000000	1.000000	0.000000	198.500000	1.000000	4.007774	46.677684
277	0.000000	1.000000	0.000000	177.500000	1.000000	3.888360	45.617552
278	0.000000	1.000000	0.000000	198.500000	1.000000	3.973095	44.004130
279	0.000000	1.000000	0.000000	191.000000	1.000000	3.869076	44.924405
280	0.000000	1.000000	0.000000	190.500000	1.000000	3.958519	45.323659
281	0.000000	1.000000	0.000000	185.000000	1.000000	3.797422	46.075698
282	0.000000	0.500000	0.000000	90.500000	1.000000	3.802991	43.681952
283	0.000000	1.000000	0.000000	197.000000	1.000000	3.275839	44.375099
284	0.000000	0.500000	0.000000	95.000000	1.000000	3.559214	44.577832
285	0.000000	0.500000	0.000000	99.000000	1.000000	3.898479	46.677684
286	0.000000	0.500000	0.000000	92.500000	1.000000	3.393859	45.068246
287	0.000000	1.000000	0.000000	190.000000	1.000000	3.433329	44.283938
288	0.000000	1.000000	0.000000	191.000000	1.000000	3.753486	48.410552
289	0.000000	1.000000	0.000000	202.000000	1.000000	3.966446	45.872965
290	0.000000	1.000000	0.000000	206.500000	1.000000	3.612999	47.520884
291	0.000000	1.000000	0.000000	204.500000	1.000000	3.908425	47.083149
292	0.000000	1.000000	0.000000	196.500000	1.000000	3.687370	45.761394
293	0.000000	1.000000	0.000000	203.500000	1.000000	3.679198	44.721673
294	0.000000	1.000000	0.000000	200.000000	1.000000	3.592097	42.793946
295	0.000000	1.000000	0.000000	193.500000	1.000000	3.521074	44.283938
296	0.000000	1.000000	0.000000	202.000000	1.000000	3.697591	45.676444
297	0.000000	1.000000	0.000000	205.000000	1.000000	3.655920	44.721673
298	0.000000	1.000000	0.000000	193.500000	1.000000	3.568933	45.911446
299	0.000000	1.000000	0.000000	187.500000	1.000000	3.672510	45.729124
300	0.500000	1.000000	18.500000	168.000000	1.000000	3.838253	44.172367
301	0.500000	0.500000	26.000000	74.000000	1.000000	3.988792	46.625004
302	0.500000	0.500000	33.000000	70.500000	1.000000	3.713109	45.505981
303	0.500000	1.000000	36.000000	153.000000	1.000000	3.781183	45.179818
304	0.500000	1.000000	41.000000	158.500000	1.000000	4.060549	43.825793
305	0.500000	0.500000	45.000000	56.000000	1.000000	4.090115	45.526392
306	0.500000	1.000000	49.500000	146.000000	1.000000	4.579912	48.469444
307	0.500000	0.500000	51.000000	48.000000	1.000000	4.531386	47.979029
308	0.500000	0.500000	55.000000	41.000000	1.000000	4.271448	44.610101
309	0.500000	1.000000	60.000000	135.000000	1.000000	4.177291	48.272922
310	0.500000	1.000000	61.000000	133.500000	1.000000	3.787731	45.729124
311	0.500000	1.000000	64.000000	128.000000	1.000000	3.796956	46.880417
312	0.500000	1.000000	67.000000	121.500000	1.000000	3.987601	47.723616
313	0.500000	0.500000	70.500000	13.500000	1.000000	4.367215	47.259260
314	0.500000	0.000000	72.000000	-72.000000	1.000000	4.719063	46.142464
315	0.500000	0.500000	74.000000	23.000000	1.000000	4.840179	47.867457
316	0.500000	0.500000	76.500000	20.500000	1.000000	4.701964	48.959858
317	0.500000	1.000000	78.500000	112.500000	1.000000	4.410956	46.055287
318	0.500000	0.500000	77.500000	13.500000	1.000000	4.504825	48.816017
319	0.500000	0.500000	73.500000	41.000000	1.000000	4.758696	49.424215
320	0.500000	0.500000	77.500000	35.500000	1.000000	5.072797	46.768845
321	0.500000	0.500000	79.000000	18.500000	1.000000	4.721965	47.174310
322	0.500000	0.500000	78.500000	20.000000	1.000000	4.775814	45.382551
323	0.500000	0.500000	78.500000	21.500000	1.000000	4.592747	46.016806
324	0.500000	0.500000	77.500000	23.500000	1.000000	4.864355	49.365323
325	0.500000	0.500000	80.000000	22.000000	1.000000	5.323675	47.429723
326	0.500000	0.500000	81.500000	17.500000	1.000000	5.150212	43.402144
327	0.500000	0.500000	84.000000	24.000000	1.000000	5.107107	48.959858
328	0.500000	0.500000	84.000000	10.000000	1.000000	5.098991	45.820285
329	0.500000	0.500000	86.000000	29.000000	0.980000	5.200055	48.613285
330	0.500000	0.500000	84.500000	20.500000	0.980000	4.938143	47.174310
331	0.500000	0.500000	85.000000	3.000000	0.980000	4.968003	46.310700
332	0.500000	1.000000	88.500000	112.500000	0.980000	5.010899	47.867457
333	0.500000	0.500000	86.000000	21.000000	0.980000	4.817175	46.880417
334	0.500000	0.500000	82.500000	24.000000	1.000000	5.051745	48.214031
335	0.500000	1.000000	81.000000	128.000000	1.000000	5.054685	47.920138
336	0.500000	1.000000	83.000000	115.500000	1.000000	4.992162	47.664725
337	0.500000	0.500000	82.500000	20.000000	1.000000	4.758380	47.024258
338	0.500000	0.500000	84.000000	15.000000	1.000000	4.644427	46.369591
339	0.500000	0.500000	88.500000	8.500000	0.980000	4.643573	46.939308
340	0.500000	0.500000	90.500000	-17.500000	1.000000	5.115896	47.717405
341	0.500000	0.500000	90.000000	18.500000	0.980000	5.160518	46.422271
342	0.500000	0.500000	91.500000	-4.500000	0.980000	5.084662	46.657273
343	0.500000	0.500000	87.000000	22.500000	1.000000	5.069369	47.867457
344	0.500000	0.500000	89.000000	6.500000	1.000000	5.233030	48.214031
345	0.500000	0.500000	77.000000	31.500000	1.000000	5.028585	48.214031
346	0.500000	0.500000	77.500000	16.000000	1.000000	4.703526	48.357872
347	0.500000	0.500000	66.000000	37.000000	1.000000	4.620799	46.310700
348	0.500000	0.500000	67.500000	33.500000	0.980000	4.401614	47.514672
349	0.500000	0.500000	67.500000	36.500000	1.000000	4.590041	46.219539
350	0.500000	0.500000	68.000000	28.500000	1.000000	4.388611	47.318151
351	0.500000	0.500000	71.000000	28.500000	1.000000	4.748855	47.265471
352	0.500000	0.500000	72.500000	16.500000	1.000000	4.856765	48.763337
353	0.500000	0.000000	73.000000	-73.000000	1.000000	5.110766	48.704446
354	0.500000	0.000000	75.000000	-75.000000	1.000000	5.300758	48.469444
355	0.500000	0.500000	76.500000	17.500000	1.000000	5.280073	48.214031
356	0.500000	0.500000	78.000000	11.500000	0.980000	5.146615	46.971578
357	0.500000	0.500000	76.500000	15.500000	0.980000	5.154859	47.920138
358	0.500000	0.500000	77.500000	16.000000	1.000000	5.510796	49.162591
359	0.500000	0.500000	81.000000	23.500000	1.000000	5.692885	50.202312
360	0.500000	0.500000	79.000000	13.000000	0.980000	5.475186	46.625004
361	0.500000	0.500000	80.500000	24.000000	0.980000	5.839892	49.018750
362	0.500000	0.500000	84.500000	18.500000	0.980000	6.053672	48.672176
363	0.500000	1.000000	82.000000	126.500000	1.000000	5.547353	50.751618
364	0.500000	0.500000	83.000000	11.500000	0.960000	5.414043	48.816017
365	0.500000	1.000000	82.000000	131.000000	0.980000	5.320465	45.820285
366	0.500000	0.500000	79.000000	31.000000	0.980000	5.259011	47.318151
367	0.500000	0.500000	77.000000	32.500000	0.980000	5.315740	44.644597
368	0.500000	0.500000	74.500000	29.000000	1.000000	5.048942	48.672176
369	0.500000	0.500000	77.500000	16.000000	0.980000	5.221902	49.456484
370	0.500000	0.500000	80.000000	11.500000	1.000000	5.114947	46.345196
371	0.500000	0.500000	81.500000	15.500000	1.000000	5.532520	48.959858
372	0.500000	0.500000	78.500000	32.500000	1.000000	5.346712	49.051019
373	0.500000	0.500000	80.000000	21.500000	1.000000	5.248874	46.625004
374	0.500000	0.500000	80.500000	23.500000	1.000000	5.316823	47.664725
375	0.500000	0.500000	78.500000	12.000000	1.000000	5.395574	49.509165
376	0.500000	0.500000	78.500000	27.000000	1.000000	5.320989	49.018750
377	0.500000	0.500000	82.000000	13.000000	0.980000	5.420316	49.509165
378	0.500000	0.500000	82.000000	17.500000	1.000000	5.416150	48.560605
379	0.500000	0.500000	80.500000	23.500000	1.000000	5.083535	47.370831
380	0.500000	0.000000	77.500000	-77.500000	0.980000	4.864482	49.509165
381	0.500000	0.500000	79.000000	32.500000	1.000000	4.976642	48.469444
382	0.500000	0.500000	77.500000	27.500000	1.000000	5.197924	45.729124
383	0.500000	0.500000	78.500000	23.500000	1.000000	5.250495	47.318151
384	0.500000	0.500000	81.000000	24.500000	1.000000	5.289238	49.509165
385	0.500000	0.500000	81.000000	24.500000	1.000000	5.194218	47.062738
386	0.500000	0.500000	84.000000	17.000000	1.000000	5.435540	49.109911
387	0.500000	0.500000	87.000000	15.500000	1.000000	5.168365	46.513432
388	0.500000	0.500000	88.000000	14.000000	1.000000	5.251680	47.461992
389	0.500000	0.500000	87.000000	20.000000	1.000000	5.492287	48.122870
390	0.500000	0.500000	88.000000	12.000000	1.000000	5.332622	46.166859
391	0.500000	0.500000	90.500000	15.500000	1.000000	5.810596	49.162591
392	0.500000	0.500000	89.500000	7.500000	1.000000	5.351183	46.912686
393	0.500000	0.000000	89.000000	-89.000000	0.980000	5.440834	46.625004
394	0.500000	0.500000	87.000000	7.000000	0.980000	5.539400	47.226990
395	0.500000	0.500000	87.500000	22.500000	1.000000	5.374785	49.162591
396	0.500000	0.500000	85.500000	23.000000	1.000000	5.824967	47.520884
397	1.000000	0.500000	105.000000	2.000000	1.000000	5.415331	48.214031
398	1.000000	0.500000	111.000000	-14.000000	1.000000	5.456100	49.456484
399	1.000000	0.000000	118.000000	-118.000000	1.000000	5.271364	49.509165
400	1.000000	1.000000	118.000000	95.000000	1.000000	5.581271	48.011298
401	1.000000	0.500000	122.500000	-17.000000	1.000000	5.209814	48.763337
402	1.000000	0.500000	126.000000	-27.500000	0.980000	5.885751	50.005790
403	1.000000	0.500000	130.500000	-27.000000	1.000000	6.221043	49.018750
404	1.000000	0.000000	134.000000	-134.000000	1.000000	6.292390	50.810509
405	1.000000	1.000000	138.000000	75.500000	1.000000	6.171026	48.357872
406	1.000000	0.500000	141.000000	-38.000000	1.000000	6.354256	48.266711
407	1.000000	0.500000	142.500000	-42.500000	1.000000	6.380576	49.914630
408	1.000000	0.500000	147.500000	-46.000000	1.000000	5.929539	48.959858
409	1.000000	1.000000	151.000000	52.500000	1.000000	6.154208	47.206579
410	1.000000	0.000000	158.000000	-158.000000	1.000000	6.683041	49.568056
411	1.000000	0.000000	145.000000	-145.000000	1.000000	6.754645	52.052963
412	1.000000	0.500000	152.000000	-53.500000	1.000000	6.901641	48.214031
413	1.000000	0.000000	162.500000	-162.500000	1.000000	7.144759	50.261203
414	1.000000	0.500000	165.000000	-48.500000	0.980000	7.598086	48.973944
415	1.000000	0.500000	166.000000	-62.000000	1.000000	7.418925	47.776297
416	1.000000	0.500000	165.500000	-52.500000	1.000000	7.599752	49.253752
417	1.000000	0.000000	165.500000	-165.500000	1.000000	8.020290	49.547645
418	1.000000	0.000000	164.000000	-164.000000	1.000000	8.256211	48.757126
419	1.000000	0.000000	164.500000	-164.500000	1.000000	7.911766	50.202312
420	1.000000	0.000000	168.000000	-168.000000	1.000000	8.047018	49.162591
421	1.000000	0.500000	168.000000	-69.000000	1.000000	7.860012	50.202312
422	1.000000	0.500000	173.500000	-73.000000	1.000000	7.806641	49.162591
423	1.000000	0.000000	176.000000	-176.000000	1.000000	7.835169	48.795606
424	1.000000	0.000000	180.500000	-180.500000	1.000000	7.684480	50.352364
425	1.000000	0.000000	183.500000	-183.500000	1.000000	7.532499	48.469444
426	1.000000	0.000000	181.000000	-181.000000	1.000000	7.670918	48.214031
427	1.000000	0.000000	176.500000	-176.500000	1.000000	7.008212	47.461992
428	1.000000	0.000000	168.500000	-168.500000	0.980000	7.501710	50.058471
429	1.000000	0.000000	171.500000	-171.500000	0.980000	7.290020	50.810509
430	1.000000	0.500000	177.000000	-76.500000	1.000000	7.330057	49.018750
431	1.000000	0.000000	174.000000	-174.000000	0.980000	7.367598	48.357872
432	1.000000	0.000000	166.000000	-166.000000	0.980000	7.133796	48.122870
433	1.000000	0.000000	167.000000	-167.000000	1.000000	7.249779	49.914630
434	1.000000	0.500000	172.500000	-69.500000	1.000000	7.207573	50.202312
435	1.000000	0.500000	175.500000	-74.000000	1.000000	7.288426	49.803058
436	1.000000	0.000000	174.500000	-174.500000	0.980000	7.295681	50.058471
437	1.000000	0.000000	175.500000	-175.500000	0.960000	6.904369	51.503657
438	1.000000	0.000000	179.000000	-179.000000	0.980000	7.271967	51.647498
439	1.000000	0.000000	177.500000	-177.500000	0.980000	7.419689	50.261203
440	1.000000	0.000000	183.500000	-183.500000	0.980000	7.422212	49.855738
441	1.000000	0.000000	179.500000	-179.500000	1.000000	7.156193	48.011298
442	1.000000	0.000000	181.500000	-181.500000	0.980000	7.412035	49.018750
443	1.000000	0.500000	177.000000	-58.500000	1.000000	7.079066	46.821525
444	1.000000	0.500000	171.000000	-52.000000	1.000000	6.896736	48.816017
445	1.000000	0.500000	173.500000	-56.500000	1.000000	6.855164	50.202312
446	1.000000	0.000000	172.500000	-172.500000	1.000000	6.886418	48.816017
447	1.000000	0.000000	168.500000	-168.500000	1.000000	7.102252	48.959858
448	1.000000	0.000000	151.000000	-151.000000	1.000000	6.874448	49.162591
449	1.000000	0.000000	156.000000	-156.000000	1.000000	7.198310	48.763337
450	1.000000	0.000000	156.000000	-156.000000	1.000000	7.386770	50.954350
451	1.000000	0.000000	162.000000	-162.000000	0.980000	7.142600	48.651765
452	1.000000	0.000000	166.500000	-166.500000	0.960000	7.318370	51.444765
453	1.000000	0.500000	166.500000	-60.000000	0.980000	7.761854	48.718531
454	1.000000	0.000000	160.000000	-160.000000	0.960000	7.889878	49.018750
455	1.000000	0.000000	166.000000	-166.000000	1.000000	8.087768	48.763337
456	1.000000	0.000000	160.500000	-160.500000	1.000000	8.102006	47.723616
457	1.000000	0.000000	162.500000	-162.500000	0.980000	8.171481	50.954350
458	1.000000	0.000000	160.000000	-160.000000	1.000000	8.415038	49.803058
459	1.000000	0.500000	162.000000	-48.000000	0.960000	8.255742	49.253752
460	1.000000	0.500000	161.000000	-53.500000	0.980000	7.870879	50.405044
461	1.000000	0.000000	160.000000	-160.000000	1.000000	7.656165	47.664725
462	1.000000	0.000000	164.000000	-164.000000	1.000000	7.644715	48.501713
463	1.000000	0.000000	162.000000	-162.000000	1.000000	7.573132	48.214031
464	1.000000	0.000000	160.500000	-160.500000	1.000000	7.214949	46.580198
465	1.000000	0.000000	160.000000	-160.000000	1.000000	7.078665	49.855738
466	1.000000	0.000000	166.000000	-166.000000	1.000000	7.545478	48.122870
467	1.000000	0.000000	164.500000	-164.500000	1.000000	7.675780	47.920138
468	1.000000	0.000000	163.000000	-163.000000	0.980000	7.671575	49.803058
469	1.000000	0.000000	161.500000	-161.500000	1.000000	7.256014	50.607777
470	1.000000	0.000000	164.500000	-164.500000	1.000000	7.236703	48.763337
471	1.000000	0.000000	169.500000	-169.500000	1.000000	7.729730	49.946899
472	1.000000	0.000000	170.500000	-170.500000	0.980000	7.624492	50.496205
473	1.000000	0.000000	169.500000	-169.500000	0.980000	7.696083	50.587366
474	1.000000	0.000000	158.000000	-158.000000	1.000000	7.400129	49.365323
475	1.000000	0.000000	158.000000	-158.000000	0.980000	7.386999	50.954350
476	1.000000	0.000000	161.000000	-161.000000	1.000000	7.407561	48.560605
477	1.000000	0.500000	163.000000	-48.500000	1.000000	7.542621	49.855738
478	1.000000	0.000000	160.500000	-160.500000	1.000000	7.438952	50.149631
479	1.000000	0.000000	161.500000	-161.500000	0.980000	7.609929	47.958618
480	1.000000	0.000000	164.000000	-164.000000	1.000000	7.607874	50.202312
481	1.000000	0.000000	163.000000	-163.000000	1.000000	7.322574	46.860006
482	1.000000	0.500000	163.000000	-45.000000	1.000000	7.368717	49.253752
483	1.000000	0.000000	168.500000	-168.500000	0.980000	7.580814	48.560605
484	1.000000	0.000000	163.000000	-163.000000	1.000000	7.801102	48.325603
485	1.000000	0.000000	161.500000	-161.500000	1.000000	7.464356	48.816017
486	1.000000	0.000000	165.000000	-165.000000	0.980000	7.592080	50.058471
487	1.000000	0.000000	170.500000	-170.500000	0.980000	7.477657	48.070190
488	1.000000	0.000000	168.500000	-168.500000	1.000000	7.040449	48.795606
489	1.000000	0.000000	170.500000	-170.500000	1.000000	6.822782	49.509165
490	1.000000	0.000000	166.000000	-166.000000	1.000000	6.819448	49.711897
491	1.000000	0.500000	167.000000	-46.000000	1.000000	6.971261	49.162591
492	1.000000	0.000000	172.500000	-172.500000	1.000000	7.280819	47.332237
493	1.000000	0.000000	175.000000	-175.000000	1.000000	7.494392	49.253752
494	1.000000	0.000000	175.500000	-175.500000	0.980000	7.755481	47.206579
495	1.000000	1.000000	176.500000	47.500000	0.960000	7.605469	50.261203
496	1.000000	0.500000	174.500000	-56.000000	0.980000	7.856190	51.503657
497	1.000000	0.500000	172.000000	-55.500000	1.000000	7.691401	49.018750
498	1.000000	0.500000	170.500000	-56.000000	1.000000	7.649550	46.422271
499	1.000000	0.000000	166.000000	-166.000000	1.000000	8.125759	47.755886
500	1.000000	0.500000	166.000000	-56.500000	0.980000	8.413542	49.744166
501	1.000000	0.000000	170.000000	-170.000000	1.000000	8.110795	48.410552
502	1.000000	1.000000	174.000000	45.000000	1.000000	8.092980	49.711897
503	1.000000	1.000000	171.500000	43.500000	1.000000	7.235902	48.560605
504	1.000000	0.500000	169.000000	-69.500000	1.000000	7.279166	48.874909
505	1.000000	0.000000	168.000000	-168.000000	1.000000	7.447750	48.816017
506	1.000000	0.500000	169.500000	-54.500000	0.980000	7.472823	50.405044
507	1.000000	0.000000	171.500000	-171.500000	0.980000	7.556411	48.325603
508	1.000000	0.000000	177.500000	-177.500000	1.000000	7.719966	49.253752
509	1.000000	0.000000	177.000000	-177.000000	1.000000	7.911705	49.253752
510	1.000000	0.000000	177.000000	-177.000000	1.000000	8.235105	52.340645
511	1.000000	0.000000	181.000000	-181.000000	1.000000	7.722389	49.509165
512	1.000000	0.500000	182.000000	-63.500000	0.980000	7.824597	50.751618
513	1.000000	0.500000	168.500000	-50.000000	1.000000	7.507336	50.496205
514	1.000000	0.500000	174.000000	-55.000000	0.980000	7.750226	49.653006
515	1.000000	0.500000	176.000000	-59.000000	0.980000	7.584194	48.298980
516	1.000000	0.500000	177.000000	-56.500000	1.000000	7.458648	49.018750
517	1.000000	0.000000	176.000000	-176.000000	1.000000	7.104573	49.803058
518	1.000000	0.000000	170.500000	-170.500000	1.000000	6.835620	48.704446
519	1.000000	0.000000	170.000000	-170.000000	1.000000	7.043088	49.509165
520	1.000000	0.000000	172.500000	-172.500000	1.000000	7.036017	47.920138
521	1.000000	0.000000	172.000000	-172.000000	1.000000	6.871990	48.011298
522	1.000000	0.000000	170.000000	-170.000000	1.000000	7.145536	49.914630
523	1.000000	0.500000	170.500000	-52.500000	0.980000	7.142299	51.503657
524	1.000000	0.000000	167.500000	-167.500000	0.980000	7.259074	50.208523
525	1.000000	0.000000	169.000000	-169.000000	0.980000	6.917748	49.711897
526	1.000000	0.500000	171.500000	-53.000000	1.000000	7.342923	50.149631
527	1.000000	0.500000	176.500000	-58.000000	0.980000	7.575186	50.149631
528	1.000000	0.000000	177.000000	-177.000000	0.980000	7.474827	49.109911
529	1.000000	0.000000	177.500000	-177.500000	1.000000	7.346581	49.221482
530	1.000000	0.000000	153.000000	-153.000000	0.980000	7.391540	49.221482
531	1.000000	0.000000	155.000000	-155.000000	1.000000	7.403286	50.405044
532	1.000000	0.500000	163.000000	-60.000000	1.000000	7.484794	50.149631
533	1.000000	0.000000	163.500000	-163.500000	1.000000	7.486611	49.306432
534	1.000000	0.500000	170.500000	-67.000000	0.980000	7.992196	51.300924
535	1.000000	0.000000	175.000000	-175.000000	1.000000	8.496467	48.469444
536	1.000000	0.000000	173.500000	-173.500000	1.000000	8.373226	48.795606
537	1.000000	0.000000	171.500000	-171.500000	0.980000	8.299905	51.300924
538	1.000000	0.000000	166.000000	-166.000000	0.960000	8.660944	49.855738
539	1.000000	0.000000	165.000000	-165.000000	0.960000	8.716936	50.352364
540	1.000000	0.000000	166.500000	-166.500000	1.000000	8.611552	50.607777
541	1.000000	0.000000	171.500000	-171.500000	0.980000	8.424552	49.365323
542	1.000000	0.000000	172.500000	-172.500000	0.980000	8.445702	49.914630
543	1.000000	0.000000	170.500000	-170.500000	1.000000	8.284060	50.149631
544	1.000000	0.000000	168.500000	-168.500000	0.960000	8.091974	49.568056
545	1.000000	0.500000	164.000000	-46.000000	1.000000	8.112154	47.664725
546	1.000000	1.000000	159.500000	53.000000	1.000000	7.893598	49.509165
547	1.000000	0.500000	158.000000	-46.500000	1.000000	7.792364	49.365323
548	1.000000	0.000000	158.500000	-158.500000	0.980000	8.001905	49.855738
549	1.000000	0.000000	157.000000	-157.000000	1.000000	7.360736	49.711897
550	1.000000	0.000000	156.500000	-156.500000	1.000000	7.548447	50.548885
551	1.000000	0.000000	161.500000	-161.500000	1.000000	7.691980	49.162591
552	1.000000	0.000000	164.000000	-164.000000	1.000000	7.486303	50.261203
553	1.000000	0.000000	163.500000	-163.500000	1.000000	7.669328	49.162591
554	1.000000	0.000000	169.000000	-169.000000	0.980000	7.795070	49.456484
555	1.000000	0.000000	172.500000	-172.500000	0.980000	7.996626	49.803058
556	1.000000	0.500000	172.500000	-55.500000	0.960000	8.164732	50.352364
557	1.000000	0.500000	167.000000	-51.500000	0.960000	7.952398	48.816017
558	1.000000	0.500000	169.000000	-52.000000	0.960000	8.232696	51.300924
559	1.000000	0.500000	171.000000	-57.500000	0.980000	7.722743	51.994071
560	1.000000	0.500000	172.500000	-59.000000	1.000000	7.346809	51.850230
561	1.000000	0.500000	172.000000	-57.000000	1.000000	7.437582	49.109911
562	1.000000	0.500000	170.500000	-57.500000	0.980000	7.275598	48.560605
563	1.000000	0.500000	162.500000	-55.000000	1.000000	7.493182	51.994071
564	1.000000	0.500000	165.000000	-57.000000	1.000000	7.089666	47.206579
565	1.000000	0.500000	170.000000	-53.500000	1.000000	7.424927	50.352364
566	1.000000	0.500000	167.000000	-53.500000	1.000000	7.599101	49.176676
567	1.000000	0.500000	166.500000	-51.000000	1.000000	7.573966	51.359815
568	1.000000	0.500000	173.500000	-59.500000	0.980000	7.617508	49.855738
569	1.000000	0.000000	163.500000	-163.500000	0.980000	7.485622	50.751618
570	1.000000	0.500000	164.000000	-50.500000	1.000000	7.357400	49.306432
571	1.000000	0.500000	169.500000	-51.500000	1.000000	7.463018	50.058471
572	1.000000	0.500000	167.500000	-52.500000	1.000000	7.350445	50.810509
573	1.000000	0.000000	176.000000	-176.000000	0.980000	7.587728	51.359815
574	1.000000	0.000000	173.500000	-173.500000	0.960000	7.294429	49.914630
575	1.000000	0.000000	171.000000	-171.000000	1.000000	7.326025	48.907178
576	1.000000	0.000000	174.500000	-174.500000	1.000000	7.462490	48.122870
577	1.000000	0.000000	165.000000	-165.000000	1.000000	7.182279	49.855738
578	1.000000	0.000000	165.500000	-165.500000	1.000000	7.133999	50.405044
579	1.000000	0.000000	165.500000	-165.500000	1.000000	6.930780	49.711897
580	1.000000	0.000000	159.500000	-159.500000	1.000000	6.757029	48.907178
581	1.000000	0.500000	163.500000	-48.500000	1.000000	6.731330	49.306432
582	1.000000	0.500000	154.000000	-40.500000	1.000000	6.251228	47.776297
583	1.000000	1.000000	156.500000	56.000000	1.000000	6.422229	48.011298
584	1.000000	0.500000	158.500000	-45.500000	1.000000	6.902017	48.907178
585	1.000000	0.500000	156.000000	-43.000000	1.000000	6.677696	49.711897
586	1.000000	1.000000	154.000000	62.500000	1.000000	6.537900	49.914630
587	1.000000	0.500000	160.500000	-44.500000	1.000000	6.780243	48.122870
588	1.000000	0.500000	162.500000	-52.500000	1.000000	7.312265	51.562548
589	1.000000	0.500000	165.000000	-53.500000	1.000000	7.138256	49.018750
590	1.000000	0.500000	170.000000	-55.000000	1.000000	7.319890	50.751618
591	1.000000	0.000000	173.000000	-173.000000	1.000000	6.924560	50.463936
592	1.000000	0.000000	165.500000	-165.500000	1.000000	6.775657	50.058471
593	1.000000	0.000000	176.500000	-176.500000	1.000000	6.824724	49.397593
594	1.000000	0.500000	172.500000	-57.000000	1.000000	6.497599	49.051019
595	0.500000	0.000000	84.000000	-84.000000	1.000000	6.358973	48.763337
596	0.500000	0.000000	84.500000	-84.500000	1.000000	5.824638	48.757126
597	0.500000	0.000000	84.500000	-84.500000	0.980000	5.511213	47.979029
598	0.500000	0.500000	85.000000	19.000000	0.980000	5.721840	50.405044
599	0.500000	1.000000	86.500000	119.000000	0.980000	5.415251	48.416763
600	0.500000	0.500000	87.500000	19.500000	0.960000	5.477841	48.672176
601	0.500000	0.000000	86.000000	-86.000000	1.000000	4.831397	46.918897
602	0.500000	0.500000	86.000000	18.000000	1.000000	5.308051	48.907178
603	0.500000	0.500000	82.000000	7.500000	1.000000	5.382017	49.320517
604	0.500000	0.500000	83.500000	16.500000	0.980000	4.991951	46.860006
605	0.500000	0.500000	82.000000	22.500000	0.980000	5.429333	49.711897
606	0.500000	0.500000	80.500000	12.500000	1.000000	4.879314	48.266711
607	0.500000	0.500000	82.500000	13.000000	0.980000	5.402773	48.907178
608	0.500000	0.500000	85.000000	13.000000	0.980000	5.754960	48.122870
609	0.500000	0.500000	86.000000	18.500000	1.000000	5.930221	48.816017
610	0.500000	0.500000	89.000000	15.000000	1.000000	5.768663	44.977086
611	0.500000	0.500000	86.000000	16.500000	0.980000	5.796372	46.566112
612	0.500000	0.500000	86.500000	14.500000	0.920000	5.725963	45.854781
613	0.500000	0.500000	87.000000	17.000000	0.960000	5.752739	46.513432
614	0.500000	0.500000	85.500000	19.500000	0.980000	5.726821	47.664725
615	0.500000	0.000000	86.500000	-86.500000	0.960000	5.202469	49.109911
616	0.500000	0.500000	88.000000	19.000000	0.960000	5.469079	48.214031
617	0.500000	0.500000	89.000000	19.500000	1.000000	5.475569	50.463936
618	0.500000	0.500000	90.500000	1.000000	1.000000	5.300362	46.422271
619	0.500000	0.500000	88.500000	10.500000	1.000000	5.185685	47.265471
620	0.500000	0.500000	90.500000	4.000000	1.000000	5.707245	47.174310
621	0.500000	0.000000	85.000000	-85.000000	1.000000	5.403363	46.625004
622	0.500000	0.500000	84.000000	10.500000	1.000000	5.508173	48.966070
623	0.500000	0.500000	84.000000	5.000000	0.980000	5.412438	46.971578
624	0.500000	0.500000	82.000000	15.000000	1.000000	5.252317	45.505981
625	0.500000	0.500000	85.000000	12.500000	1.000000	5.625633	48.214031
626	0.500000	0.500000	88.000000	17.500000	0.980000	6.344007	48.181762
627	0.500000	0.500000	88.000000	16.500000	0.960000	6.083813	49.109911
628	0.500000	1.000000	85.500000	123.000000	0.980000	5.935998	48.357872
629	0.500000	1.000000	86.000000	121.500000	1.000000	5.395951	49.711897
630	0.500000	1.000000	85.500000	135.000000	1.000000	4.954627	46.533843
631	0.500000	0.500000	90.000000	19.500000	1.000000	4.907764	45.872965
632	0.500000	0.500000	90.000000	16.500000	0.980000	5.550493	48.011298
633	0.500000	0.500000	91.000000	2.500000	0.980000	5.527757	45.684318
634	1.000000	0.500000	106.000000	-12.000000	1.000000	5.137814	46.331111
635	1.000000	0.500000	107.000000	-9.500000	1.000000	5.618516	49.018750
636	1.000000	0.500000	110.000000	-8.500000	0.980000	5.872916	48.672176
637	1.000000	0.500000	116.000000	-25.500000	1.000000	5.453168	46.625004
638	1.000000	0.500000	95.500000	7.500000	0.980000	5.728155	47.867457
639	1.000000	1.000000	104.500000	91.000000	1.000000	6.083152	47.226990
640	1.000000	1.000000	117.500000	87.500000	1.000000	6.157858	47.867457
641	1.000000	1.000000	126.500000	76.000000	1.000000	6.212758	46.363380
642	1.000000	1.000000	133.000000	71.000000	0.980000	6.683671	49.509165
643	1.000000	0.500000	141.500000	-35.000000	1.000000	6.968700	48.959858
644	1.000000	0.500000	142.000000	-44.500000	1.000000	6.907699	47.115419
645	1.000000	0.500000	142.000000	-39.000000	1.000000	6.876110	48.063979
646	1.000000	0.000000	145.000000	-145.000000	1.000000	6.977956	46.142464
647	1.000000	0.000000	145.500000	-145.500000	1.000000	7.570986	49.162591
648	1.000000	0.000000	151.500000	-151.500000	1.000000	7.618849	47.573564
649	1.000000	0.000000	153.500000	-153.500000	1.000000	7.882164	47.717405
650	1.000000	0.500000	154.000000	-45.000000	1.000000	8.053673	49.221482
651	1.000000	0.500000	153.500000	-38.000000	1.000000	7.848966	48.410552
652	1.000000	0.000000	156.500000	-156.500000	1.000000	7.648092	48.763337
653	1.000000	0.500000	156.000000	-43.500000	1.000000	7.424681	48.266711
654	1.000000	0.500000	163.000000	-59.500000	1.000000	7.521475	50.463936
655	1.000000	0.500000	163.000000	-61.000000	0.980000	7.201474	49.568056
656	1.000000	0.000000	166.000000	-166.000000	1.000000	7.660087	49.456484
657	1.000000	0.000000	169.000000	-169.000000	1.000000	8.013740	49.365323
658	1.000000	0.000000	171.500000	-171.500000	1.000000	7.691358	48.155139
659	1.000000	0.000000	147.500000	-147.500000	1.000000	7.797843	49.509165
660	1.000000	0.500000	152.500000	-35.500000	1.000000	7.709217	44.977086
661	0.500000	0.000000	85.000000	-85.000000	1.000000	8.037993	46.782930
662	0.500000	0.500000	86.000000	24.500000	1.000000	6.744711	48.011298
663	0.500000	0.500000	86.500000	22.500000	0.980000	6.515918	49.018750
664	0.500000	0.500000	89.000000	27.000000	1.000000	6.182205	48.907178
665	0.500000	0.500000	87.000000	19.500000	1.000000	6.000341	48.122870
666	0.500000	0.500000	84.500000	17.000000	1.000000	6.213662	49.018750
667	0.500000	0.500000	83.500000	26.500000	0.980000	6.112849	47.822651
668	0.500000	0.500000	87.500000	25.000000	0.980000	6.302660	48.672176
669	0.500000	0.500000	91.000000	16.500000	1.000000	6.307612	48.011298
670	0.500000	0.500000	90.500000	18.000000	0.960000	6.578813	47.115419
671	0.500000	0.500000	87.000000	19.500000	0.980000	6.260381	47.226990
672	0.500000	0.500000	87.000000	23.500000	1.000000	6.051257	47.755886
673	0.500000	0.000000	87.500000	-87.500000	0.980000	6.067336	48.763337
674	0.500000	0.500000	86.500000	5.000000	0.980000	6.069401	48.560605
675	0.500000	0.500000	86.500000	23.000000	1.000000	5.685101	48.325603
676	0.500000	0.500000	84.000000	23.500000	1.000000	5.774938	47.226990
677	0.500000	0.500000	84.500000	9.500000	1.000000	5.986063	48.011298
678	0.500000	0.500000	86.500000	21.000000	1.000000	5.811380	48.959858
679	0.500000	0.500000	86.500000	15.500000	1.000000	5.547139	46.604593
680	0.500000	0.500000	84.000000	24.000000	1.000000	5.300798	47.664725
681	0.500000	0.500000	78.500000	25.000000	1.000000	5.339404	46.880417
682	0.500000	0.500000	79.500000	18.000000	0.980000	5.077361	46.310700
683	0.500000	0.500000	82.500000	15.000000	0.980000	5.245785	45.617552
684	0.500000	0.500000	78.500000	11.000000	0.960000	5.403538	47.318151
685	0.500000	0.500000	80.500000	27.000000	1.000000	5.920532	47.808566
686	0.500000	0.500000	81.500000	0.500000	0.980000	5.721052	50.607777
687	0.500000	0.500000	84.500000	4.500000	1.000000	5.796214	48.155139
688	1.000000	0.500000	99.500000	-4.500000	0.980000	5.389766	48.528335
689	1.000000	0.500000	107.000000	-0.500000	1.000000	5.881354	49.711897
690	1.000000	0.500000	107.500000	0.000000	0.980000	5.845331	50.058471
691	1.000000	0.500000	109.000000	-8.000000	0.980000	6.549060	47.461992
692	1.000000	0.500000	111.000000	-8.000000	0.980000	6.581704	48.651765
693	1.000000	0.500000	121.000000	-8.000000	0.980000	6.487590	48.469444
694	1.000000	0.000000	126.500000	-126.500000	1.000000	6.566914	48.704446
695	1.000000	0.500000	130.000000	-21.500000	1.000000	6.739897	47.409312
696	1.000000	0.500000	135.000000	-27.000000	1.000000	6.887054	49.711897
697	1.000000	0.000000	140.500000	-140.500000	1.000000	6.889876	48.214031
698	1.000000	1.000000	143.500000	70.000000	1.000000	6.841968	48.063979
699	1.000000	0.500000	150.500000	-50.500000	1.000000	6.716998	48.011298
700	1.000000	0.500000	154.500000	-54.500000	1.000000	6.561462	48.070190
701	1.000000	0.000000	157.000000	-157.000000	0.980000	6.669236	49.509165
702	1.000000	0.000000	159.500000	-159.500000	1.000000	6.631786	47.318151
703	1.000000	0.000000	160.500000	-160.500000	0.980000	6.576182	50.463936
704	1.000000	0.000000	164.000000	-164.000000	1.000000	6.820247	50.954350
705	1.000000	0.000000	162.500000	-162.500000	1.000000	7.003831	49.018750
706	1.000000	0.000000	165.000000	-165.000000	1.000000	7.629104	50.117362
707	1.000000	0.000000	171.000000	-171.000000	1.000000	7.333386	48.704446
708	1.000000	0.000000	175.000000	-175.000000	0.980000	7.639481	50.954350
709	1.000000	0.000000	172.500000	-172.500000	1.000000	7.392753	51.157083
710	1.000000	0.500000	173.500000	-62.000000	0.960000	7.495394	51.300924
711	1.000000	0.000000	176.500000	-176.500000	0.960000	7.455050	51.157083
712	1.000000	0.000000	168.500000	-168.500000	0.980000	7.744470	48.672176
713	1.000000	0.500000	169.000000	-72.500000	0.980000	7.592766	51.994071
714	1.000000	0.500000	165.500000	-70.000000	1.000000	7.604298	51.359815
715	1.000000	0.500000	166.500000	-69.000000	1.000000	7.358380	48.102459
716	1.000000	0.000000	165.000000	-165.000000	1.000000	7.174835	47.920138
717	1.000000	0.500000	167.000000	-63.500000	0.980000	6.962110	50.058471
718	1.000000	0.000000	170.500000	-170.500000	0.980000	7.396821	51.098191
719	1.000000	0.000000	170.000000	-170.000000	1.000000	7.384981	50.954350
720	1.000000	0.000000	171.000000	-171.000000	1.000000	6.775881	48.874909
721	1.000000	0.000000	152.000000	-152.000000	0.980000	7.190611	50.202312
722	1.000000	0.500000	155.000000	-53.000000	1.000000	7.225492	47.332237
723	1.000000	0.500000	160.000000	-63.000000	0.980000	7.137951	51.503657
724	1.000000	0.000000	165.000000	-165.000000	1.000000	6.957301	46.422271
725	1.000000	0.000000	165.500000	-165.500000	1.000000	6.846218	47.867457
726	1.000000	0.000000	166.500000	-166.500000	0.980000	6.729903	49.397593
727	1.000000	0.500000	165.000000	-70.500000	1.000000	6.640775	49.162591
728	1.000000	0.000000	168.500000	-168.500000	1.000000	6.924889	47.024258
729	1.000000	0.000000	168.500000	-168.500000	1.000000	6.869954	49.803058
730	1.000000	1.000000	165.500000	48.500000	1.000000	6.656042	50.810509
731	1.000000	0.000000	170.000000	-170.000000	0.980000	6.823057	48.830103
732	1.000000	0.000000	168.000000	-168.000000	0.980000	6.961204	49.914630
733	1.000000	0.500000	166.000000	-62.500000	0.980000	6.992544	51.706389
734	1.000000	0.500000	169.500000	-64.000000	0.980000	7.126597	50.261203
735	1.000000	0.500000	167.500000	-60.500000	1.000000	7.382675	48.907178
736	1.000000	0.000000	170.500000	-170.500000	1.000000	7.248676	49.162591
737	1.000000	0.000000	168.500000	-168.500000	1.000000	7.407910	48.416763
738	1.000000	0.500000	168.500000	-66.000000	1.000000	7.485759	48.449033
739	1.000000	0.500000	167.000000	-62.500000	1.000000	7.342672	49.201071
740	1.000000	0.500000	170.000000	-62.500000	0.980000	7.587152	50.058471
741	1.000000	1.000000	169.500000	46.000000	0.980000	7.611287	50.149631
742	1.000000	1.000000	173.000000	42.500000	1.000000	7.762413	50.405044
743	1.000000	0.500000	182.000000	-76.000000	0.960000	8.234767	51.503657
744	1.000000	0.500000	184.000000	-77.500000	0.960000	8.392999	50.405044
745	1.000000	0.500000	183.500000	-78.000000	0.960000	8.280633	48.907178
746	1.000000	0.500000	182.000000	-77.000000	0.980000	8.078442	50.954350
747	1.000000	0.500000	176.500000	-69.500000	0.960000	7.934122	51.248244
748	1.000000	0.500000	179.000000	-73.500000	0.980000	7.831947	49.914630
749	1.000000	0.500000	178.000000	-72.000000	1.000000	7.723718	50.751618
750	1.000000	0.500000	177.000000	-72.000000	0.980000	7.574195	49.162591
751	1.000000	0.500000	154.000000	-48.500000	0.960000	7.479475	49.162591
752	1.000000	0.500000	153.500000	-55.000000	0.980000	7.240919	48.816017
753	1.000000	0.500000	156.000000	-61.000000	1.000000	7.292056	48.763337
754	1.000000	0.500000	165.500000	-70.000000	0.980000	7.377754	49.855738
755	1.000000	0.500000	165.500000	-61.500000	1.000000	7.490057	49.568056
756	1.000000	0.500000	168.000000	-63.500000	0.980000	7.589797	50.405044
757	1.000000	0.000000	170.000000	-170.000000	1.000000	7.557687	50.058471
758	1.000000	0.000000	167.500000	-167.500000	1.000000	7.949589	48.998339
759	1.000000	0.500000	168.500000	-66.000000	1.000000	8.185043	49.312643
760	1.000000	0.500000	170.000000	-68.000000	1.000000	7.820495	50.261203
761	1.000000	0.000000	170.500000	-170.500000	1.000000	7.567152	50.058471
762	1.000000	0.000000	175.000000	-175.000000	0.980000	7.788130	50.149631
763	1.000000	0.000000	176.500000	-176.500000	0.980000	7.506089	48.469444
764	1.000000	0.500000	176.500000	-61.500000	0.980000	7.752475	50.058471
765	1.000000	0.500000	177.500000	-63.000000	0.980000	8.034053	50.463936
766	1.000000	0.500000	176.500000	-61.000000	1.000000	7.430007	49.600325
767	1.000000	0.500000	173.000000	-57.000000	1.000000	7.362899	49.306432
768	1.000000	0.000000	174.000000	-174.000000	0.980000	7.722836	50.607777
769	1.000000	0.000000	161.500000	-161.500000	1.000000	7.540263	51.157083
770	1.000000	0.000000	168.500000	-168.500000	1.000000	7.337566	49.109911
771	1.000000	0.500000	168.000000	-56.000000	1.000000	7.110558	49.914630
772	1.000000	0.500000	167.500000	-54.500000	1.000000	7.346349	50.463936
773	1.000000	0.500000	166.500000	-52.000000	1.000000	7.346572	48.325603
774	1.000000	1.000000	168.500000	40.000000	1.000000	6.966035	50.261203
775	1.000000	0.500000	162.000000	-44.000000	1.000000	7.062176	50.058471
776	1.000000	0.500000	163.000000	-44.500000	1.000000	6.913381	48.830103
777	1.000000	0.000000	164.000000	-164.000000	1.000000	7.241570	50.149631
778	1.000000	0.500000	156.000000	-36.000000	0.980000	7.031415	50.496205
779	1.000000	0.000000	167.000000	-167.000000	1.000000	7.478789	49.456484
780	1.000000	0.500000	166.000000	-63.000000	0.980000	7.128298	48.305192
781	1.000000	0.000000	166.000000	-166.000000	1.000000	6.691599	50.698938
782	1.000000	0.500000	162.500000	-49.500000	1.000000	7.078998	49.365323
783	1.000000	0.500000	156.000000	-52.500000	1.000000	6.808482	50.666668
784	1.000000	0.000000	154.000000	-154.000000	1.000000	6.809585	48.763337
785	1.000000	0.000000	162.000000	-162.000000	1.000000	7.084061	49.221482
786	1.000000	0.000000	166.000000	-166.000000	0.980000	7.033673	48.011298
787	1.000000	0.000000	169.000000	-169.000000	1.000000	7.217205	50.607777
788	1.000000	0.000000	168.500000	-168.500000	1.000000	7.010771	48.816017
789	1.000000	0.000000	167.000000	-167.000000	0.980000	7.109205	51.157083
790	1.000000	0.500000	170.000000	-67.500000	1.000000	7.025691	49.711897
791	1.000000	0.500000	169.000000	-64.000000	1.000000	7.029601	50.405044
792	1.000000	1.000000	168.000000	38.000000	1.000000	6.904247	49.051019
793	1.000000	0.500000	164.000000	-55.000000	1.000000	6.806939	49.711897
794	1.000000	0.000000	167.500000	-167.500000	1.000000	6.898177	48.763337
795	1.000000	0.500000	167.500000	-65.500000	1.000000	7.330092	50.058471
796	1.000000	0.000000	166.000000	-166.000000	0.980000	7.500154	50.405044
797	1.000000	0.500000	166.500000	-56.500000	0.980000	7.569580	50.149631
798	1.000000	0.500000	166.000000	-51.500000	0.980000	7.361289	48.560605
799	1.000000	0.500000	168.500000	-56.000000	0.960000	7.411479	50.058471
800	1.000000	0.500000	169.000000	-59.500000	1.000000	7.357595	49.456484
801	1.000000	0.500000	171.000000	-56.500000	1.000000	7.403208	49.162591
802	1.000000	0.500000	173.500000	-58.000000	1.000000	7.023910	48.704446
803	1.000000	0.000000	172.000000	-172.000000	1.000000	7.278455	48.672176
804	1.000000	0.000000	174.500000	-174.500000	1.000000	7.556953	49.600325
805	1.000000	0.000000	169.000000	-169.000000	1.000000	7.507182	49.162591
806	1.000000	0.000000	168.500000	-168.500000	1.000000	7.419860	49.711897
807	1.000000	0.000000	163.000000	-163.000000	1.000000	7.328978	51.013242
808	1.000000	0.000000	158.500000	-158.500000	1.000000	6.950051	48.416763
809	1.000000	0.000000	167.000000	-167.000000	1.000000	6.848130	47.867457
810	1.000000	0.000000	167.000000	-167.000000	1.000000	7.011224	50.005790
811	1.000000	0.000000	167.500000	-167.500000	1.000000	7.344409	47.409312
812	1.000000	0.000000	172.000000	-172.000000	0.980000	7.681705	48.874909
813	1.000000	0.000000	172.500000	-172.500000	0.960000	7.762283	50.666668
814	1.000000	0.000000	172.000000	-172.000000	0.980000	7.722224	49.253752
815	1.000000	0.000000	163.000000	-163.000000	1.000000	7.905782	49.509165
816	1.000000	0.000000	167.500000	-167.500000	1.000000	7.460286	49.914630
817	1.000000	0.000000	170.500000	-170.500000	1.000000	7.137921	49.109911
818	1.000000	0.500000	170.500000	-53.000000	1.000000	7.129525	50.607777
819	1.000000	0.000000	168.500000	-168.500000	0.980000	7.015748	47.115419
820	1.000000	0.500000	162.000000	-53.000000	1.000000	7.219191	49.018750
821	1.000000	0.000000	165.500000	-165.500000	1.000000	7.390717	50.261203
822	1.000000	0.500000	167.500000	-54.000000	0.980000	7.501048	50.607777
823	1.000000	0.500000	171.000000	-57.500000	1.000000	7.494086	51.909122
824	1.000000	0.000000	163.000000	-163.000000	0.980000	7.607056	51.647498
825	0.500000	0.500000	79.500000	27.000000	1.000000	7.494631	49.568056
826	0.500000	0.000000	79.500000	-79.500000	0.980000	6.657997	50.954350
827	0.500000	0.500000	79.500000	22.000000	1.000000	6.346575	47.867457
828	0.500000	0.500000	77.000000	26.500000	1.000000	5.694631	48.122870
829	1.000000	0.500000	105.500000	1.500000	1.000000	5.671738	48.214031
830	1.000000	0.000000	113.000000	-113.000000	1.000000	5.988298	49.018750
831	1.000000	0.000000	116.500000	-116.500000	1.000000	5.749349	47.409312
832	1.000000	0.000000	121.500000	-121.500000	1.000000	5.957420	48.651765
833	1.000000	0.500000	125.500000	-20.500000	1.000000	5.891432	49.456484
834	1.000000	0.500000	132.500000	-19.000000	1.000000	6.198026	50.607777
835	1.000000	0.500000	140.000000	-38.500000	0.980000	6.171280	49.509165
836	1.000000	0.500000	144.500000	-42.500000	1.000000	6.494695	50.058471
837	1.000000	0.500000	152.000000	-49.000000	0.980000	6.546203	49.600325
838	1.000000	0.500000	154.500000	-54.000000	0.980000	6.450296	49.109911
839	1.000000	0.500000	157.000000	-53.500000	0.980000	6.507416	50.954350
840	1.000000	0.000000	156.500000	-156.500000	0.980000	6.683818	50.261203
841	1.000000	0.000000	158.500000	-158.500000	1.000000	6.588402	48.816017
842	1.000000	0.500000	164.000000	-59.000000	0.980000	7.030095	48.645554
843	1.000000	0.000000	164.500000	-164.500000	1.000000	7.205837	51.157083
844	1.000000	0.000000	166.000000	-166.000000	1.000000	7.071582	51.706389
845	1.000000	0.000000	166.000000	-166.000000	1.000000	6.918384	49.109911
846	1.000000	0.500000	159.500000	-52.000000	1.000000	6.748255	48.070190
847	1.000000	0.500000	162.500000	-57.000000	1.000000	6.633242	50.901670
848	1.000000	0.500000	166.500000	-55.000000	0.980000	6.630545	51.300924
849	1.000000	1.000000	168.500000	48.500000	1.000000	6.949126	49.306432
850	0.500000	0.500000	83.000000	20.000000	1.000000	6.604474	49.456484
851	0.500000	0.000000	83.500000	-83.500000	1.000000	6.195323	48.672176
852	0.500000	0.500000	84.500000	15.000000	1.000000	6.036114	48.959858
853	1.000000	0.000000	121.500000	-121.500000	1.000000	5.846379	46.971578
854	1.000000	0.500000	125.500000	-20.000000	1.000000	5.890075	49.109911
855	1.000000	0.500000	131.000000	-19.000000	1.000000	6.206646	47.226990
856	1.000000	0.500000	137.000000	-24.500000	1.000000	6.108911	48.816017
857	1.000000	0.500000	142.000000	-30.500000	1.000000	5.629648	49.509165
858	1.000000	0.000000	145.000000	-145.000000	0.980000	5.422100	50.058471
859	1.000000	0.500000	145.000000	-42.500000	1.000000	5.751329	47.174310
860	1.000000	0.000000	151.000000	-151.000000	1.000000	5.361172	47.664725
861	1.000000	0.000000	149.500000	-149.500000	1.000000	5.601123	48.122870
862	1.000000	0.500000	155.000000	-53.000000	1.000000	5.879325	50.261203
863	1.000000	0.500000	158.000000	-57.500000	1.000000	6.276903	49.711897
864	1.000000	1.000000	161.000000	61.000000	1.000000	6.383789	50.607777
865	1.000000	0.500000	160.000000	-60.500000	1.000000	6.304250	50.149631
866	1.000000	1.000000	158.000000	59.000000	1.000000	6.528988	50.954350
867	1.000000	0.500000	165.500000	-63.500000	1.000000	6.750768	49.456484
868	1.000000	1.000000	168.000000	48.000000	1.000000	7.056458	48.063979
869	1.000000	0.000000	173.500000	-173.500000	1.000000	6.676259	47.664725
870	1.000000	0.500000	175.500000	-72.000000	1.000000	6.974265	47.808566
871	1.000000	0.500000	159.500000	-57.000000	1.000000	6.776155	48.469444
872	1.000000	0.500000	162.000000	-58.000000	1.000000	6.877064	48.305192
873	1.000000	0.500000	164.000000	-58.500000	1.000000	7.324181	49.855738
874	1.000000	0.500000	166.500000	-60.500000	1.000000	7.319367	48.959858
875	1.000000	0.500000	170.000000	-65.000000	1.000000	7.412314	48.907178
876	1.000000	0.000000	173.500000	-173.500000	0.980000	7.211518	48.816017
877	1.000000	0.500000	175.000000	-71.000000	1.000000	7.556389	49.803058
878	1.000000	0.000000	176.500000	-176.500000	1.000000	7.355468	49.109911
879	1.000000	0.500000	175.000000	-66.500000	1.000000	6.928011	52.052963
880	1.000000	1.000000	174.000000	42.500000	0.960000	6.924129	48.063979
881	1.000000	0.000000	172.000000	-172.000000	0.980000	7.084320	49.018750
882	1.000000	0.000000	173.000000	-173.000000	0.980000	7.293786	49.162591
883	1.000000	0.000000	173.500000	-173.500000	1.000000	7.020422	50.751618
884	1.000000	0.000000	176.500000	-176.500000	1.000000	7.465958	50.954350
885	1.000000	0.000000	165.500000	-165.500000	1.000000	7.355369	48.874909
886	1.000000	0.500000	165.500000	-61.000000	1.000000	7.174609	50.405044
887	1.000000	0.000000	165.000000	-165.000000	1.000000	7.304818	48.501713
888	1.000000	0.000000	168.000000	-168.000000	1.000000	7.780157	50.555097
889	1.000000	0.000000	172.000000	-172.000000	0.980000	7.642499	48.214031
890	1.000000	0.000000	172.000000	-172.000000	0.980000	7.285438	49.253752
891	1.000000	0.000000	171.500000	-171.500000	1.000000	7.187767	48.469444
892	1.000000	0.000000	169.000000	-169.000000	1.000000	7.117489	46.166859
893	1.000000	0.000000	170.000000	-170.000000	1.000000	7.171409	47.664725
894	1.000000	0.000000	171.500000	-171.500000	1.000000	7.321320	45.684318
895	1.000000	0.000000	172.500000	-172.500000	1.000000	7.337376	48.214031
896	1.000000	0.000000	163.500000	-163.500000	1.000000	6.772901	47.717405
897	1.000000	0.500000	168.500000	-70.500000	1.000000	7.092765	48.449033
898	1.000000	0.500000	169.000000	-71.000000	1.000000	6.950704	47.632456
899	1.000000	0.500000	173.000000	-71.500000	1.000000	7.049150	49.162591
900	1.000000	1.000000	175.000000	46.500000	1.000000	7.472983	50.261203
901	1.000000	1.000000	177.500000	40.000000	1.000000	7.190000	48.816017
902	1.000000	0.500000	177.000000	-73.500000	1.000000	7.390047	48.816017
903	1.000000	1.000000	178.500000	41.500000	1.000000	7.239060	50.751618
904	1.000000	0.500000	180.000000	-78.000000	1.000000	7.333962	50.607777
905	1.000000	0.000000	178.500000	-178.500000	1.000000	7.069703	51.392085
906	1.000000	0.000000	159.000000	-159.000000	1.000000	6.928878	50.261203
907	1.000000	0.000000	163.500000	-163.500000	1.000000	6.802855	48.155139
908	1.000000	0.500000	160.000000	-44.000000	1.000000	6.620673	49.711897
909	1.000000	0.000000	162.000000	-162.000000	1.000000	6.798805	51.503657
910	1.000000	0.000000	164.500000	-164.500000	1.000000	6.421677	49.914630
911	1.000000	0.500000	171.000000	-65.500000	1.000000	6.863160	46.971578
912	1.000000	0.000000	175.000000	-175.000000	1.000000	6.963437	47.520884
913	1.000000	0.500000	172.500000	-68.000000	1.000000	7.131274	49.109911
914	1.000000	0.000000	175.500000	-175.500000	1.000000	6.518708	46.768845
915	1.000000	0.500000	153.000000	-48.000000	1.000000	6.627477	46.369591
916	1.000000	0.500000	155.500000	-49.000000	1.000000	6.516357	49.456484
917	1.000000	0.500000	162.000000	-54.000000	1.000000	6.574935	49.051019
918	1.000000	1.000000	161.500000	53.500000	0.980000	6.736505	50.405044
919	1.000000	1.000000	163.500000	51.000000	0.980000	6.573020	49.051019
920	1.000000	0.500000	165.000000	-48.500000	1.000000	6.991566	50.261203
921	1.000000	0.000000	163.000000	-163.000000	1.000000	7.012399	48.816017
922	1.000000	0.500000	165.500000	-60.500000	1.000000	7.002191	49.109911
923	1.000000	0.500000	168.500000	-62.500000	1.000000	7.305850	49.312643
924	1.000000	0.500000	169.000000	-63.000000	0.980000	6.925079	48.469444
925	1.000000	0.500000	172.000000	-66.000000	0.980000	6.881944	49.365323
926	1.000000	0.000000	170.500000	-170.500000	1.000000	6.957543	50.405044
927	1.000000	0.000000	171.500000	-171.500000	0.960000	6.708026	50.346153
928	1.000000	1.000000	170.500000	46.000000	0.980000	6.543018	48.102459
929	1.000000	0.000000	172.500000	-172.500000	1.000000	6.233254	50.058471
930	1.000000	1.000000	175.000000	42.000000	1.000000	5.888651	50.202312
931	1.000000	1.000000	177.000000	46.000000	1.000000	5.811012	46.971578
932	1.000000	1.000000	174.500000	51.000000	1.000000	6.016801	48.357872
933	1.000000	0.500000	172.000000	-61.000000	1.000000	6.692017	51.503657
934	1.000000	0.500000	177.500000	-62.500000	0.980000	6.799846	50.842779
935	1.000000	0.500000	180.500000	-67.000000	1.000000	6.498307	49.509165
936	1.000000	0.000000	186.000000	-186.000000	1.000000	6.269476	48.907178
937	1.000000	0.500000	180.500000	-73.000000	0.980000	6.424397	50.058471
938	1.000000	0.500000	181.000000	-73.000000	0.980000	6.282782	47.867457
939	1.000000	0.500000	179.500000	-71.000000	1.000000	6.569197	47.409312
940	1.000000	0.500000	174.000000	-69.500000	1.000000	6.204424	46.604593
941	1.000000	0.000000	178.000000	-178.000000	1.000000	6.541537	50.058471
942	1.000000	0.500000	171.000000	-67.500000	1.000000	6.718763	49.568056
943	1.000000	0.500000	174.000000	-68.000000	0.980000	6.664710	50.058471
944	1.000000	0.500000	173.500000	-70.000000	0.980000	6.606808	51.104403
945	1.000000	1.000000	171.000000	45.000000	1.000000	6.598656	48.816017
946	1.000000	0.500000	172.500000	-68.000000	0.980000	6.340136	50.463936
947	1.000000	0.500000	173.000000	-68.000000	0.960000	6.771805	50.901670
948	1.000000	0.500000	175.500000	-69.500000	1.000000	6.387183	50.261203
949	1.000000	0.000000	174.500000	-174.500000	0.960000	6.701558	49.253752
950	1.000000	0.500000	173.000000	-58.000000	0.980000	6.582494	50.058471
951	1.000000	0.500000	179.000000	-68.000000	0.980000	6.913621	51.157083
952	1.000000	0.500000	178.000000	-68.500000	1.000000	6.744835	50.463936
953	1.000000	0.500000	178.000000	-66.000000	0.980000	6.711481	50.810509
954	1.000000	0.000000	176.000000	-176.000000	1.000000	5.987030	45.246584
955	1.000000	0.000000	178.000000	-178.000000	0.980000	6.302309	47.587649
956	1.000000	0.000000	169.000000	-169.000000	0.980000	6.281847	49.424215
957	1.000000	0.500000	169.500000	-70.500000	1.000000	6.363086	51.647498
958	1.000000	0.500000	169.000000	-74.000000	1.000000	6.180766	50.058471
959	1.000000	0.000000	171.500000	-171.500000	1.000000	5.985696	48.357872
960	1.000000	0.000000	167.000000	-167.000000	1.000000	6.213915	50.261203
961	1.000000	0.000000	166.000000	-166.000000	0.980000	6.113714	49.509165
962	1.000000	0.000000	171.500000	-171.500000	0.980000	6.436150	49.711897
963	1.000000	1.000000	177.000000	49.500000	0.960000	6.401250	50.463936
964	1.000000	0.500000	178.500000	-69.500000	0.940000	6.386355	51.300924
965	1.000000	0.500000	183.000000	-77.000000	1.000000	6.134580	48.907178
966	1.000000	0.500000	180.500000	-77.000000	1.000000	6.021199	50.607777
967	1.000000	0.500000	169.500000	-64.500000	1.000000	6.176149	49.711897
968	1.000000	0.000000	168.000000	-168.000000	1.000000	6.242227	47.920138
969	1.000000	0.000000	176.500000	-176.500000	1.000000	6.193146	49.018750
970	1.000000	0.000000	177.000000	-177.000000	1.000000	6.446687	49.162591
971	1.000000	0.000000	163.000000	-163.000000	1.000000	6.721643	48.651765
972	1.000000	0.000000	168.000000	-168.000000	1.000000	6.658275	51.300924
973	1.000000	0.000000	173.000000	-173.000000	1.000000	6.892648	49.109911
974	1.000000	0.000000	163.000000	-163.000000	1.000000	6.476101	49.914630
975	1.000000	0.000000	163.000000	-163.000000	1.000000	6.866119	47.664725
976	1.000000	0.500000	165.000000	-52.500000	1.000000	6.411020	50.058471
977	1.000000	0.000000	167.500000	-167.500000	1.000000	6.863866	50.954350
978	1.000000	0.500000	167.000000	-49.000000	0.980000	6.784107	49.803058
979	1.000000	0.000000	170.500000	-170.500000	1.000000	6.773653	48.449033
980	1.000000	0.000000	170.500000	-170.500000	1.000000	6.613827	50.261203
981	1.000000	0.000000	171.500000	-171.500000	1.000000	6.895085	51.359815
982	1.000000	0.500000	171.000000	-54.000000	1.000000	6.897455	50.261203
983	1.000000	0.000000	175.000000	-175.000000	1.000000	6.981234	49.162591
984	1.000000	0.500000	171.000000	-56.000000	0.980000	7.051610	51.503657
985	1.000000	0.500000	173.500000	-59.500000	0.980000	7.202523	51.157083
986	1.000000	0.500000	177.500000	-60.000000	1.000000	7.568110	47.920138
987	1.000000	0.500000	179.500000	-63.500000	0.980000	7.215619	49.365323
988	1.000000	0.000000	180.500000	-180.500000	1.000000	7.222844	48.214031
989	1.000000	0.000000	181.000000	-181.000000	1.000000	6.775386	49.456484
990	1.000000	0.000000	182.500000	-182.500000	1.000000	6.511512	50.954350
991	1.000000	0.500000	178.000000	-60.500000	0.980000	6.705861	50.005790
992	1.000000	0.000000	179.000000	-179.000000	1.000000	6.911597	49.568056
993	1.000000	0.000000	185.000000	-185.000000	1.000000	6.914831	49.312643
994	1.000000	0.000000	182.500000	-182.500000	0.980000	7.166210	51.157083
995	1.000000	0.000000	181.000000	-181.000000	1.000000	7.158575	50.496205
996	1.000000	0.000000	180.500000	-180.500000	1.000000	7.442388	50.202312
997	1.000000	0.000000	181.000000	-181.000000	0.980000	7.579659	49.855738
998	0.500000	0.000000	89.500000	-89.500000	1.000000	7.511505	48.907178
999	0.500000	0.000000	89.500000	-89.500000	1.000000	6.246054	49.306432
