0	0.020000	0.880000	0.930000	179.430000	1.000000	4.399729	46.926257
1	0.030000	0.790000	1.670000	164.400000	1.000000	4.338771	46.774608
2	0.040000	0.740000	2.170000	151.220000	1.000000	4.353159	46.724126
3	0.070000	0.790000	4.030000	158.210000	1.000000	4.335909	46.500539
4	0.090000	0.810000	5.380000	165.410000	1.000000	4.346942	46.770385
5	0.110000	0.760000	6.730000	151.570000	1.000000	4.328038	46.454036
6	0.120000	0.830000	7.840000	166.990000	1.000000	4.359425	46.856218
7	0.140000	0.780000	9.740000	153.380000	1.000000	4.436699	46.684215
8	0.150000	0.730000	11.410000	142.630000	1.000000	4.482061	47.058115
9	0.170000	0.720000	13.640000	138.370000	1.000000	4.520443	46.767709
10	0.210000	0.720000	16.640000	133.290000	0.999600	4.595502	46.670315
11	0.220000	0.680000	18.950000	122.820000	1.000000	4.580373	47.113004
12	0.230000	0.730000	20.950000	132.490000	1.000000	4.595933	46.525248
13	0.270000	0.720000	24.370000	123.020000	1.000000	4.651698	46.871726
14	0.290000	0.660000	27.130000	111.440000	1.000000	4.724636	47.040870
15	0.300000	0.710000	29.660000	115.900000	1.000000	4.782773	47.086090
16	0.290000	0.730000	29.820000	123.110000	1.000000	4.844331	47.338759
17	0.290000	0.640000	32.250000	99.120000	1.000000	4.869415	47.213669
18	0.300000	0.740000	34.700000	121.620000	1.000000	4.894154	47.282503
19	0.290000	0.770000	35.410000	124.910000	0.999600	4.897481	47.711990
20	0.290000	0.700000	36.290000	108.920000	1.000000	5.017219	47.680445
21	0.310000	0.730000	38.920000	117.530000	1.000000	5.096706	47.745933
22	0.320000	0.720000	41.160000	111.610000	1.000000	4.990851	47.120601
23	0.330000	0.700000	43.850000	103.150000	0.999600	5.124761	47.369854
24	0.330000	0.660000	45.600000	91.790000	1.000000	5.172450	47.467782
25	0.330000	0.620000	47.040000	81.640000	1.000000	5.280286	48.041212
26	0.330000	0.660000	48.730000	89.000000	1.000000	5.334664	47.830003
27	0.350000	0.660000	51.160000	87.160000	1.000000	5.396374	47.750995
28	0.350000	0.630000	52.110000	79.300000	1.000000	5.407879	47.709442
29	0.350000	0.650000	53.810000	83.790000	0.999600	5.420136	47.927527
30	0.360000	0.660000	53.590000	88.870000	1.000000	5.456094	47.694760
31	0.350000	0.590000	53.170000	68.450000	0.999600	5.368853	47.589369
32	0.350000	0.580000	53.500000	69.370000	0.999600	5.362180	47.413309
33	0.350000	0.670000	55.210000	86.640000	1.000000	5.455764	47.762207
34	0.350000	0.550000	55.900000	60.720000	1.000000	5.495744	47.550523
35	0.350000	0.580000	56.800000	64.020000	1.000000	5.528873	47.649682
36	0.370000	0.560000	58.400000	59.840000	1.000000	5.543337	47.679269
37	0.360000	0.580000	58.110000	63.790000	0.998800	5.591512	47.734708
38	0.360000	0.560000	57.790000	61.440000	0.999600	5.571228	47.503915
39	0.370000	0.520000	58.690000	53.840000	1.000000	5.614306	47.846414
40	0.360000	0.610000	57.920000	67.510000	0.999600	5.639354	47.860042
41	0.360000	0.510000	58.950000	48.510000	0.999600	5.692363	47.794691
42	0.370000	0.630000	60.160000	72.410000	0.998800	5.609407	47.561394
43	0.360000	0.610000	59.280000	72.610000	1.000000	5.648415	47.655199
44	0.400000	0.650000	62.860000	75.810000	0.999600	5.712207	47.836029
45	0.390000	0.590000	61.150000	63.920000	1.000000	5.782478	47.850946
46	0.400000	0.530000	62.190000	50.670000	1.000000	5.747718	47.642389
47	0.390000	0.570000	61.080000	58.610000	1.000000	5.765033	47.937260
48	0.390000	0.490000	61.120000	43.480000	0.999200	5.739650	48.122438
49	0.400000	0.500000	62.150000	45.360000	1.000000	5.724177	47.905413
50	0.400000	0.590000	63.150000	59.510000	0.999200	5.645445	47.674121
51	0.410000	0.580000	64.330000	54.460000	0.998800	5.722815	48.112916
52	0.420000	0.590000	65.570000	57.140000	0.998800	5.712034	47.871793
53	0.420000	0.550000	66.620000	52.630000	0.999200	5.800337	48.548333
54	0.410000	0.530000	65.400000	46.920000	0.999600	5.751336	47.898109
55	0.420000	0.580000	66.340000	54.600000	0.998800	5.762939	48.177892
56	0.420000	0.560000	65.830000	53.770000	1.000000	5.773539	48.106661
57	0.410000	0.600000	64.420000	64.940000	1.000000	5.737911	47.817930
58	0.410000	0.610000	65.370000	66.600000	1.000000	5.763735	47.828590
59	0.410000	0.580000	64.220000	60.550000	1.000000	5.786323	48.200632
60	0.400000	0.630000	63.260000	70.580000	1.000000	5.724052	47.926842
61	0.390000	0.580000	62.260000	61.730000	0.999600	5.751363	48.360604
62	0.400000	0.600000	64.080000	61.420000	1.000000	5.632363	47.640972
63	0.410000	0.540000	64.170000	46.410000	1.000000	5.707411	48.193456
64	0.400000	0.640000	63.750000	75.930000	0.999600	5.706865	47.971818
65	0.410000	0.590000	65.140000	62.340000	1.000000	5.707566	48.171169
66	0.420000	0.580000	66.440000	60.360000	1.000000	5.670612	47.827321
67	0.410000	0.590000	65.450000	60.550000	0.999600	5.632013	48.021493
68	0.420000	0.550000	65.610000	49.490000	0.999600	5.662768	47.893958
69	0.420000	0.590000	67.080000	58.750000	0.999600	5.766054	47.807405
70	0.420000	0.550000	66.940000	45.550000	0.999600	5.837725	48.071487
71	0.430000	0.520000	67.380000	41.910000	0.999600	5.793793	47.693254
72	0.430000	0.520000	68.640000	41.450000	0.999600	5.834098	48.034474
73	0.430000	0.560000	68.900000	50.550000	0.999600	5.941178	47.990321
74	0.420000	0.550000	66.910000	51.610000	0.999200	5.894773	48.228724
75	0.430000	0.520000	68.680000	44.540000	0.999600	5.910648	47.920384
76	0.420000	0.600000	67.590000	62.270000	1.000000	5.809460	48.081497
77	0.420000	0.540000	67.360000	47.060000	1.000000	5.818662	48.221588
78	0.410000	0.560000	67.500000	49.350000	1.000000	5.840109	47.462603
79	0.420000	0.490000	68.360000	36.850000	1.000000	5.780193	47.714634
80	0.430000	0.600000	69.910000	57.240000	1.000000	5.801783	48.182936
81	0.420000	0.560000	68.790000	50.320000	1.000000	5.841964	47.702334
82	0.410000	0.560000	66.890000	51.890000	0.999600	5.935984	48.275252
83	0.410000	0.600000	67.950000	59.530000	0.999600	5.860836	47.988791
84	0.410000	0.550000	67.420000	49.450000	1.000000	5.830587	48.017982
85	0.420000	0.530000	69.560000	38.340000	1.000000	5.832908	48.179101
86	0.430000	0.570000	69.920000	51.700000	1.000000	5.915653	48.117126
87	0.440000	0.600000	70.750000	58.570000	1.000000	5.907105	48.081783
88	0.450000	0.560000	72.170000	50.850000	0.999200	5.990863	48.226741
89	0.470000	0.520000	73.360000	40.170000	1.000000	5.962360	48.262665
90	0.470000	0.520000	74.910000	36.640000	0.999600	6.006371	48.301241
91	0.460000	0.510000	73.820000	34.040000	1.000000	5.964105	47.740119
92	0.470000	0.510000	74.660000	32.560000	1.000000	5.888232	48.064825
93	0.450000	0.490000	72.430000	33.440000	0.999600	5.946472	47.996190
94	0.480000	0.510000	74.440000	34.440000	0.999600	5.970527	48.197600
95	0.470000	0.520000	73.740000	34.020000	0.998400	6.088342	48.060623
96	0.480000	0.500000	75.820000	29.520000	1.000000	6.085088	48.164785
97	0.490000	0.520000	77.380000	35.150000	1.000000	6.099046	48.442637
98	0.520000	0.480000	79.890000	23.170000	1.000000	6.146451	48.345015
99	0.520000	0.520000	80.770000	27.430000	0.999600	6.145867	48.321153
100	0.510000	0.560000	79.760000	41.430000	0.999600	6.131823	48.207643
101	0.520000	0.520000	81.980000	29.450000	0.999600	6.150718	48.252266
102	0.510000	0.500000	81.560000	26.140000	1.000000	6.104323	48.427891
103	0.520000	0.550000	82.620000	33.810000	0.999600	6.116050	48.417417
104	0.540000	0.540000	85.080000	34.580000	0.999200	6.142506	48.221801
105	0.530000	0.530000	84.340000	27.610000	0.998800	6.149357	48.186079
106	0.530000	0.490000	84.870000	19.530000	0.999600	6.129727	48.264430
107	0.540000	0.530000	85.980000	25.510000	0.999600	6.237013	48.461936
108	0.550000	0.480000	87.920000	15.120000	0.999600	6.274116	48.496676
109	0.540000	0.470000	86.450000	16.570000	0.999600	6.250341	48.281186
110	0.530000	0.470000	85.600000	13.850000	0.999600	6.215433	48.052908
111	0.520000	0.460000	85.490000	15.210000	0.998800	6.211782	48.231887
112	0.500000	0.450000	82.290000	14.430000	1.000000	6.152054	48.575828
113	0.520000	0.570000	83.790000	37.820000	1.000000	6.148400	48.038276
114	0.520000	0.460000	83.860000	16.070000	0.999600	6.170068	48.325099
115	0.520000	0.540000	83.930000	31.090000	0.999600	6.185210	48.163243
116	0.520000	0.530000	85.170000	30.860000	0.999600	6.158713	48.202317
117	0.520000	0.530000	86.150000	29.720000	1.000000	6.189400	48.563597
118	0.510000	0.460000	83.610000	14.280000	0.999600	6.289761	48.332829
119	0.510000	0.520000	83.760000	27.880000	1.000000	6.254858	48.358971
120	0.510000	0.460000	84.270000	15.570000	0.998800	6.223895	48.212538
121	0.500000	0.500000	83.040000	24.640000	0.999600	6.200131	48.206667
122	0.510000	0.480000	83.720000	19.100000	0.999600	6.229680	48.324912
123	0.510000	0.440000	84.480000	9.880000	0.999600	6.321974	48.678208
124	0.530000	0.440000	86.180000	5.420000	0.999600	6.302280	48.496683
125	0.540000	0.460000	87.890000	11.190000	0.999600	6.294842	48.164029
126	0.520000	0.410000	85.460000	2.520000	0.999200	6.257131	48.151992
127	0.490000	0.490000	80.350000	25.600000	0.998800	6.216206	48.297495
128	0.500000	0.450000	80.340000	17.780000	1.000000	6.165438	48.480214
129	0.500000	0.550000	80.150000	36.970000	1.000000	6.203232	48.169579
130	0.500000	0.520000	79.580000	32.600000	0.999600	6.204440	48.481393
131	0.490000	0.510000	77.940000	30.750000	1.000000	6.161822	48.351622
132	0.500000	0.480000	78.620000	23.670000	1.000000	6.124348	48.129405
133	0.510000	0.540000	79.690000	36.220000	0.998800	6.080564	48.104101
134	0.520000	0.480000	81.780000	18.330000	1.000000	6.016271	47.972753
135	0.500000	0.490000	76.330000	25.380000	0.998800	6.099554	48.498419
136	0.500000	0.510000	76.770000	32.640000	0.999600	6.053446	48.355810
137	0.510000	0.500000	77.840000	31.240000	0.999600	6.070316	48.739105
138	0.520000	0.530000	78.780000	34.190000	0.999200	6.046499	48.194191
139	0.530000	0.470000	81.780000	15.550000	0.999600	6.141133	48.294225
140	0.510000	0.500000	80.330000	26.780000	1.000000	6.190683	48.161345
141	0.520000	0.470000	83.430000	16.200000	0.999600	6.082307	47.908593
142	0.520000	0.540000	82.290000	34.160000	1.000000	6.160274	48.213805
143	0.510000	0.540000	82.350000	34.580000	0.999600	6.116329	48.286529
144	0.480000	0.510000	79.000000	31.850000	0.999600	6.127824	48.259178
145	0.480000	0.480000	80.340000	23.800000	0.999200	6.091408	48.178172
146	0.480000	0.470000	79.210000	19.270000	0.999200	6.128634	48.168274
147	0.490000	0.510000	80.220000	22.800000	0.999600	6.181262	47.994735
148	0.490000	0.500000	80.590000	24.680000	0.998800	6.150653	48.517920
149	0.500000	0.410000	81.380000	4.330000	1.000000	6.180506	48.217460
150	0.510000	0.420000	82.800000	5.910000	1.000000	6.147318	48.359131
151	0.510000	0.500000	83.650000	20.650000	0.999600	6.205958	48.255600
152	0.510000	0.480000	82.930000	21.110000	0.999600	6.201132	48.306429
153	0.510000	0.450000	83.330000	10.470000	0.998800	6.239470	48.475504
154	0.520000	0.440000	83.450000	7.920000	0.999200	6.229408	48.502110
155	0.510000	0.440000	83.360000	11.010000	0.999600	6.138445	48.027303
156	0.530000	0.490000	85.120000	18.900000	0.998800	6.124918	48.295568
157	0.540000	0.460000	85.170000	13.210000	0.999600	6.161661	48.311163
158	0.540000	0.460000	84.490000	13.710000	0.999200	6.144645	48.516177
159	0.520000	0.500000	82.180000	28.440000	1.000000	6.177200	47.997139
160	0.530000	0.460000	84.500000	16.070000	0.999200	6.209535	48.373683
161	0.540000	0.550000	86.720000	34.480000	0.999200	6.329542	48.391058
162	0.550000	0.470000	88.780000	12.760000	1.000000	6.390507	48.407070
163	0.540000	0.420000	87.750000	-0.640000	1.000000	6.442268	48.641736
164	0.540000	0.540000	87.710000	26.830000	0.999200	6.420325	48.252743
165	0.550000	0.470000	89.580000	8.680000	0.999600	6.392870	48.455244
166	0.560000	0.520000	91.370000	20.510000	0.999600	6.330332	48.484871
167	0.550000	0.480000	89.760000	15.150000	0.999200	6.371422	48.268325
168	0.540000	0.490000	88.740000	13.960000	0.999200	6.319716	48.423065
169	0.540000	0.490000	89.580000	13.580000	0.999600	6.267278	48.623854
170	0.530000	0.470000	88.420000	11.230000	0.999200	6.232616	48.627815
171	0.530000	0.470000	89.580000	9.120000	0.999200	6.269596	48.313713
172	0.520000	0.510000	88.710000	22.760000	1.000000	6.267196	48.420289
173	0.510000	0.490000	87.410000	21.150000	1.000000	6.264237	48.192649
174	0.460000	0.430000	79.780000	11.550000	0.999600	6.201275	48.289441
175	0.460000	0.490000	81.420000	25.140000	0.999200	6.243413	48.241385
176	0.460000	0.470000	80.790000	16.940000	0.998400	6.186570	48.550834
177	0.470000	0.480000	81.260000	24.520000	0.999600	6.203867	48.476240
178	0.450000	0.480000	78.620000	23.790000	0.999200	6.189788	48.112991
179	0.470000	0.450000	80.340000	16.170000	0.999200	6.080672	48.181128
180	0.470000	0.460000	79.320000	17.610000	1.000000	6.083436	48.059897
181	0.480000	0.610000	80.510000	51.630000	0.999600	6.053357	48.023086
182	0.480000	0.480000	80.320000	19.740000	0.999200	6.066258	48.097167
183	0.460000	0.530000	75.880000	35.040000	1.000000	6.176006	48.252916
184	0.480000	0.560000	77.650000	43.360000	0.999600	6.099592	48.285679
185	0.480000	0.460000	77.420000	22.450000	0.999600	6.008046	48.336229
186	0.490000	0.440000	79.140000	12.170000	1.000000	6.023582	48.220643
187	0.500000	0.440000	79.910000	8.550000	1.000000	6.088441	48.021935
188	0.500000	0.470000	80.720000	17.010000	0.999600	6.121096	47.996673
189	0.480000	0.420000	78.730000	7.440000	0.999600	5.997260	48.111204
190	0.500000	0.500000	80.560000	23.230000	0.999600	6.084253	48.266802
191	0.500000	0.420000	81.710000	3.790000	1.000000	6.091034	48.386699
192	0.510000	0.390000	82.760000	4.270000	0.999600	6.072650	48.427448
193	0.510000	0.460000	83.140000	16.100000	0.999600	6.168284	48.266183
194	0.490000	0.520000	80.860000	30.840000	0.999600	6.161166	48.231520
195	0.510000	0.460000	82.600000	16.930000	0.999600	6.167805	48.361340
196	0.530000	0.470000	83.940000	18.770000	0.998800	6.213362	48.334313
197	0.500000	0.490000	80.220000	26.740000	0.999200	6.245709	48.462174
198	0.510000	0.420000	82.000000	5.550000	0.999200	6.220805	47.909001
199	0.500000	0.560000	81.010000	34.970000	0.999600	6.173639	47.972882
200	0.500000	0.510000	81.350000	24.770000	0.999200	6.080353	48.162725
201	0.510000	0.520000	83.200000	25.870000	1.000000	6.093378	48.384703
202	0.500000	0.550000	82.230000	37.620000	0.999600	6.153354	48.693182
203	0.500000	0.600000	82.680000	48.840000	1.000000	6.084701	48.320259
204	0.490000	0.510000	81.970000	30.290000	0.999600	6.098881	48.460739
205	0.470000	0.540000	79.580000	36.870000	0.999600	6.049156	48.286167
206	0.480000	0.460000	81.130000	20.320000	0.999600	6.028250	48.100661
207	0.480000	0.490000	79.810000	27.310000	0.999600	6.056442	48.545839
208	0.470000	0.550000	79.630000	37.080000	1.000000	6.080357	48.134107
209	0.460000	0.530000	78.640000	33.180000	1.000000	6.091224	48.402883
210	0.450000	0.550000	78.070000	37.980000	1.000000	5.987994	48.217871
211	0.450000	0.520000	78.160000	28.340000	0.999600	6.041553	48.529357
212	0.450000	0.490000	76.970000	25.620000	1.000000	6.064578	48.617317
213	0.450000	0.560000	77.210000	41.810000	1.000000	5.952513	47.986097
214	0.440000	0.570000	75.260000	46.600000	0.999600	5.943593	48.304435
215	0.430000	0.550000	74.210000	39.460000	0.998400	5.924721	48.176555
216	0.420000	0.550000	72.680000	47.050000	0.999600	5.942069	48.250130
217	0.410000	0.510000	70.450000	37.980000	1.000000	5.938857	48.265089
218	0.420000	0.580000	71.260000	51.240000	0.999200	5.848618	48.221972
219	0.430000	0.610000	71.960000	57.110000	0.999600	5.841426	48.247910
220	0.420000	0.490000	71.010000	33.760000	0.999600	5.865281	47.800409
221	0.410000	0.540000	69.560000	48.440000	0.999600	5.865208	47.819791
222	0.420000	0.570000	68.610000	55.850000	1.000000	5.883563	48.336571
223	0.430000	0.510000	69.270000	37.460000	1.000000	5.895351	48.187745
224	0.420000	0.620000	67.750000	67.010000	0.999600	5.818946	47.828042
225	0.430000	0.560000	69.740000	47.600000	0.999200	5.822070	48.601915
226	0.430000	0.520000	69.170000	37.750000	1.000000	5.905983	48.388261
227	0.440000	0.540000	70.540000	38.890000	0.999200	5.811163	48.070999
228	0.440000	0.520000	70.460000	38.600000	1.000000	5.816178	48.207648
229	0.450000	0.520000	72.880000	36.180000	0.999600	5.833549	48.275423
230	0.460000	0.530000	73.610000	37.330000	0.999600	5.883614	48.113859
231	0.460000	0.540000	74.090000	43.570000	0.999600	5.863998	47.985430
232	0.470000	0.500000	74.530000	29.850000	1.000000	5.912731	47.847118
233	0.470000	0.490000	74.270000	31.550000	0.999600	5.979369	48.287742
234	0.470000	0.480000	75.290000	27.700000	0.999600	6.022227	48.374420
235	0.460000	0.520000	74.540000	33.360000	0.998400	5.950650	47.844760
236	0.460000	0.560000	73.700000	43.870000	0.998800	5.970911	47.996651
237	0.460000	0.490000	75.000000	29.410000	0.998800	5.959716	48.074481
238	0.460000	0.530000	75.270000	38.930000	1.000000	5.955871	48.051007
239	0.460000	0.510000	75.780000	32.920000	0.998400	5.906195	48.105281
240	0.460000	0.490000	76.300000	27.570000	0.999200	5.912729	48.124501
241	0.460000	0.470000	75.860000	25.890000	0.999600	5.953610	48.132941
242	0.480000	0.570000	77.910000	42.890000	0.999600	5.938187	48.267480
243	0.470000	0.510000	76.840000	30.320000	0.999200	6.000337	48.176761
244	0.490000	0.530000	78.280000	30.070000	0.999600	5.934628	48.434734
245	0.490000	0.570000	79.370000	43.680000	1.000000	5.839898	48.287019
246	0.490000	0.510000	79.890000	27.790000	0.999600	5.977968	48.083067
247	0.480000	0.470000	77.500000	22.580000	1.000000	5.990649	48.345235
248	0.480000	0.520000	77.780000	34.230000	1.000000	5.960471	48.100616
249	0.500000	0.490000	79.480000	26.380000	0.999200	5.968953	48.436076
250	0.500000	0.450000	80.850000	13.830000	0.999600	6.046488	48.082490
251	0.500000	0.560000	81.830000	37.350000	0.998800	5.981370	48.211496
252	0.520000	0.420000	83.340000	5.550000	0.999600	5.988989	48.684254
253	0.510000	0.430000	82.990000	9.040000	0.999200	6.089043	48.313725
254	0.490000	0.440000	80.560000	12.980000	0.999200	6.007526	48.109416
255	0.500000	0.440000	81.670000	14.320000	1.000000	6.018524	48.007877
256	0.490000	0.530000	78.430000	35.570000	0.999200	6.055222	48.481506
257	0.520000	0.500000	80.730000	26.870000	0.999600	6.045986	48.236413
258	0.510000	0.480000	79.060000	25.260000	0.999600	6.005465	48.623570
259	0.520000	0.520000	81.760000	30.130000	0.998800	5.927229	48.076253
260	0.530000	0.510000	83.380000	27.230000	0.999600	6.005221	48.395620
261	0.520000	0.530000	83.450000	28.370000	0.999600	6.017657	48.403155
262	0.510000	0.440000	83.250000	8.460000	0.999600	5.957033	48.437085
263	0.530000	0.450000	84.790000	9.670000	0.999600	5.978817	48.303756
264	0.520000	0.530000	83.750000	29.600000	1.000000	5.949945	48.255804
265	0.520000	0.540000	84.420000	33.570000	0.998800	6.029103	48.391047
266	0.520000	0.500000	84.390000	23.030000	0.999200	6.023963	48.512639
267	0.530000	0.500000	86.520000	19.930000	0.999200	6.030651	48.590236
268	0.540000	0.430000	86.330000	4.560000	1.000000	5.990999	48.210249
269	0.540000	0.520000	85.550000	24.190000	1.000000	5.995913	48.446171
270	0.540000	0.520000	85.060000	23.460000	1.000000	6.044880	48.311460
271	0.530000	0.570000	83.730000	39.410000	0.998800	6.037047	48.149756
272	0.520000	0.540000	82.710000	33.610000	0.998800	6.081130	48.570380
273	0.510000	0.560000	81.380000	40.270000	0.999600	6.082587	48.700768
274	0.490000	0.510000	78.450000	31.340000	0.999200	6.053145	48.235245
275	0.490000	0.490000	79.950000	25.240000	1.000000	5.989468	48.401726
276	0.480000	0.550000	79.300000	37.850000	0.999600	5.990895	48.546509
277	0.460000	0.470000	76.840000	21.580000	0.999600	6.011079	48.417096
278	0.470000	0.540000	76.610000	36.020000	0.999600	5.982440	48.138047
279	0.470000	0.510000	77.360000	29.330000	0.998800	6.067087	48.545578
280	0.470000	0.540000	78.110000	39.240000	0.999600	6.092269	48.338540
281	0.470000	0.480000	78.670000	21.040000	1.000000	6.126898	48.017763
282	0.490000	0.540000	80.010000	29.710000	0.999600	6.177192	48.319656
283	0.500000	0.550000	81.040000	32.040000	1.000000	6.147971	47.914811
284	0.510000	0.570000	82.150000	37.310000	0.999600	6.233161	48.352528
285	0.510000	0.490000	82.040000	20.650000	0.999200	6.218824	48.265373
286	0.510000	0.470000	82.680000	18.080000	1.000000	6.282063	48.586399
287	0.510000	0.490000	81.570000	27.400000	1.000000	6.282448	48.187336
288	0.520000	0.580000	82.980000	44.790000	1.000000	6.258821	48.273789
289	0.520000	0.540000	84.380000	32.560000	0.999600	6.341882	48.311265
290	0.510000	0.540000	83.450000	32.160000	0.999600	6.310337	48.491370
291	0.520000	0.470000	82.970000	17.260000	1.000000	6.235004	48.325004
292	0.540000	0.480000	85.020000	18.470000	1.000000	6.273214	48.301811
293	0.540000	0.510000	84.610000	25.380000	0.999600	6.343666	48.541481
294	0.530000	0.520000	85.750000	26.460000	1.000000	6.339390	48.380251
295	0.530000	0.460000	86.560000	12.830000	0.999200	6.248880	48.342877
296	0.530000	0.470000	86.980000	15.200000	1.000000	6.363407	48.507613
297	0.530000	0.500000	85.700000	25.780000	0.999200	6.343840	48.303113
298	0.530000	0.450000	85.990000	11.120000	1.000000	6.346643	48.342087
299	0.530000	0.470000	87.060000	13.690000	1.000000	6.330182	48.553641
300	0.540000	0.470000	88.180000	13.930000	0.999200	6.331007	48.567095
301	0.540000	0.490000	89.020000	14.390000	0.998800	6.259347	48.365056
302	0.540000	0.480000	90.390000	13.070000	0.999600	6.305278	48.585818
303	0.530000	0.430000	88.890000	4.100000	0.999200	6.344260	48.432059
304	0.540000	0.450000	91.330000	5.010000	0.999200	6.270658	48.326780
305	0.530000	0.470000	89.940000	9.540000	1.000000	6.329121	48.532283
306	0.540000	0.460000	91.350000	5.780000	1.000000	6.311087	48.246876
307	0.550000	0.450000	91.750000	6.320000	1.000000	6.335292	48.629004
308	0.540000	0.450000	88.860000	6.290000	0.999600	6.335183	48.502276
309	0.520000	0.480000	86.080000	17.090000	1.000000	6.333986	48.579377
310	0.540000	0.490000	89.330000	13.610000	1.000000	6.285034	48.142585
311	0.540000	0.430000	88.850000	1.370000	0.999600	6.217203	47.928552
312	0.550000	0.530000	90.040000	24.820000	1.000000	6.241043	48.627953
313	0.550000	0.520000	91.680000	22.790000	0.999600	6.253972	48.617111
314	0.560000	0.480000	92.990000	9.390000	1.000000	6.261022	48.428581
315	0.560000	0.450000	93.270000	6.530000	1.000000	6.287842	48.414243
316	0.560000	0.480000	94.500000	6.280000	0.999600	6.295156	48.398892
317	0.550000	0.500000	92.830000	16.410000	1.000000	6.407068	48.804152
318	0.540000	0.460000	90.600000	8.510000	1.000000	6.362722	48.649585
319	0.550000	0.440000	92.350000	2.820000	1.000000	6.261053	48.313516
320	0.540000	0.430000	91.440000	0.020000	0.999600	6.332753	48.283007
321	0.530000	0.400000	89.210000	-5.290000	1.000000	6.296166	48.577901
322	0.540000	0.430000	90.650000	0.980000	1.000000	6.349551	48.303961
323	0.540000	0.350000	90.560000	-14.530000	0.999600	6.310553	48.528419
324	0.530000	0.480000	90.050000	7.470000	1.000000	6.290091	48.318343
325	0.520000	0.510000	89.260000	18.020000	0.999600	6.305555	48.272382
326	0.520000	0.440000	90.040000	4.010000	0.998800	6.283652	48.623798
327	0.540000	0.500000	90.580000	14.600000	0.999600	6.317118	48.476207
328	0.540000	0.460000	91.030000	6.680000	1.000000	6.387571	48.384395
329	0.550000	0.460000	90.830000	9.410000	1.000000	6.264116	48.335426
330	0.530000	0.500000	87.970000	19.670000	1.000000	6.283819	48.494646
331	0.550000	0.510000	89.870000	20.490000	1.000000	6.208083	48.168142
332	0.550000	0.440000	90.090000	3.270000	1.000000	6.162047	48.478607
333	0.550000	0.440000	90.760000	3.260000	0.999600	6.199025	48.591383
334	0.550000	0.480000	89.970000	13.520000	0.999200	6.273035	48.780840
335	0.560000	0.470000	90.900000	5.180000	0.999200	6.274183	48.645662
336	0.570000	0.460000	93.200000	5.460000	0.999200	6.305912	49.013700
337	0.540000	0.450000	89.470000	8.240000	0.999600	6.370731	48.435391
338	0.540000	0.470000	88.080000	14.600000	1.000000	6.352830	48.764318
339	0.550000	0.540000	89.540000	28.210000	0.999600	6.314783	48.399265
340	0.560000	0.470000	91.900000	6.820000	0.999200	6.322454	48.501216
341	0.560000	0.460000	93.120000	5.480000	0.999600	6.388864	48.460215
342	0.540000	0.560000	91.170000	30.580000	0.999600	6.391409	48.456068
343	0.550000	0.470000	90.960000	10.630000	0.999600	6.292007	48.352490
344	0.530000	0.520000	87.100000	25.090000	1.000000	6.338593	49.096791
345	0.520000	0.450000	85.740000	11.910000	0.999600	6.236669	48.542940
346	0.520000	0.470000	84.110000	15.000000	0.998800	6.176816	48.042907
347	0.520000	0.520000	84.900000	25.530000	0.999600	6.108904	48.318910
348	0.520000	0.490000	85.900000	20.280000	0.999200	6.091311	48.512686
349	0.510000	0.470000	84.830000	16.180000	0.999600	6.180207	48.519777
350	0.510000	0.480000	86.340000	14.500000	1.000000	6.154447	48.629718
351	0.500000	0.480000	84.340000	15.810000	1.000000	6.154079	48.381873
352	0.490000	0.500000	83.550000	20.120000	0.999600	6.174428	48.145929
353	0.490000	0.440000	82.840000	7.560000	0.999600	6.204820	48.657582
354	0.490000	0.450000	82.720000	12.310000	0.999600	6.206461	48.421445
355	0.490000	0.540000	82.950000	32.740000	1.000000	6.239104	48.062521
356	0.510000	0.550000	84.160000	36.000000	0.999600	6.174406	48.660299
357	0.510000	0.490000	83.290000	22.610000	0.999200	6.177790	48.269068
358	0.510000	0.470000	83.970000	15.840000	0.999200	6.201908	48.346239
359	0.510000	0.510000	85.010000	25.270000	0.999600	6.197383	48.405058
360	0.510000	0.500000	85.150000	21.040000	1.000000	6.219864	48.520713
361	0.510000	0.500000	84.040000	22.770000	1.000000	6.157204	48.299090
362	0.520000	0.450000	87.020000	11.840000	0.999200	6.160692	48.474426
363	0.500000	0.490000	84.010000	24.450000	0.999200	6.175314	48.531418
364	0.520000	0.480000	86.000000	16.540000	0.998800	6.138550	48.205061
365	0.540000	0.520000	87.840000	25.450000	0.999200	6.079048	48.577788
366	0.520000	0.540000	85.650000	31.920000	0.999200	6.131075	48.403353
367	0.520000	0.470000	84.630000	17.850000	0.999600	6.132485	48.567199
368	0.520000	0.480000	85.770000	19.380000	0.998800	6.029032	48.695273
369	0.520000	0.530000	84.780000	29.370000	0.999600	6.042163	48.766946
370	0.530000	0.460000	86.500000	12.680000	0.998800	6.075232	48.521846
371	0.530000	0.560000	86.470000	35.080000	0.999200	6.103110	48.575515
372	0.530000	0.430000	87.460000	5.930000	1.000000	6.072786	48.303686
373	0.530000	0.520000	88.130000	21.620000	1.000000	6.094941	48.277244
374	0.530000	0.490000	89.080000	16.090000	0.999600	6.130726	48.706171
375	0.530000	0.470000	87.130000	13.090000	0.999200	6.104905	48.350141
376	0.530000	0.510000	88.400000	18.350000	0.999600	6.107024	48.474497
377	0.550000	0.450000	89.670000	7.180000	0.999600	6.191801	48.637701
378	0.550000	0.450000	90.840000	7.690000	0.999200	6.233161	48.313321
379	0.540000	0.400000	90.170000	-0.420000	0.999200	6.180710	48.463316
380	0.560000	0.460000	91.400000	8.750000	0.999600	6.244796	48.820899
381	0.550000	0.490000	90.600000	15.180000	1.000000	6.233763	48.663631
382	0.540000	0.490000	88.310000	17.340000	0.999200	6.236960	48.553989
383	0.550000	0.470000	89.550000	10.340000	1.000000	6.236427	48.401734
384	0.530000	0.490000	86.330000	19.780000	0.999600	6.228292	48.457039
385	0.530000	0.480000	86.760000	16.210000	0.999200	6.152426	48.345357
386	0.550000	0.550000	88.140000	34.030000	1.000000	6.168257	48.424639
387	0.550000	0.550000	88.590000	31.440000	0.999600	6.101670	48.344418
388	0.530000	0.500000	87.020000	18.590000	0.999600	6.154797	48.325778
389	0.520000	0.450000	85.650000	9.550000	1.000000	6.118313	48.361340
390	0.520000	0.490000	87.210000	18.590000	1.000000	6.192263	48.640025
391	0.520000	0.430000	88.180000	2.520000	0.999200	6.239974	48.439567
392	0.540000	0.500000	89.980000	20.040000	0.999200	6.232561	48.709059
393	0.540000	0.510000	90.690000	19.240000	1.000000	6.210683	48.461291
394	0.520000	0.510000	87.020000	21.980000	0.999600	6.187557	48.372972
395	0.510000	0.410000	85.910000	0.980000	0.999600	6.138599	48.260262
396	0.500000	0.500000	83.940000	21.780000	0.999600	6.103594	48.608959
397	0.490000	0.450000	82.590000	12.720000	0.999600	6.082167	48.308426
398	0.500000	0.390000	84.340000	-0.540000	0.999600	6.134572	48.505892
399	0.530000	0.500000	86.260000	21.060000	1.000000	6.093106	48.483036
400	0.530000	0.510000	87.910000	23.460000	1.000000	6.091978	48.339798
401	0.530000	0.440000	88.180000	7.580000	1.000000	6.112508	48.415636
402	0.520000	0.490000	87.700000	16.960000	0.999200	6.145307	48.374285
403	0.510000	0.380000	85.630000	-5.410000	1.000000	6.024961	48.339920
404	0.510000	0.470000	84.560000	17.380000	0.998800	6.062007	48.245876
405	0.490000	0.470000	81.460000	19.340000	0.999200	6.063533	48.266823
406	0.500000	0.450000	81.750000	15.840000	0.999600	6.019483	47.847104
407	0.500000	0.460000	80.180000	19.000000	0.998400	6.093574	48.527855
408	0.510000	0.510000	82.410000	27.060000	0.999600	6.055531	48.317833
409	0.530000	0.530000	84.140000	28.050000	0.999600	6.054166	48.101517
410	0.530000	0.520000	82.690000	28.910000	1.000000	6.063315	48.425364
411	0.540000	0.540000	84.860000	32.440000	1.000000	6.131705	48.551773
412	0.550000	0.540000	87.330000	31.380000	0.999200	6.180405	48.344132
413	0.570000	0.530000	88.250000	26.620000	0.999600	6.192884	48.273877
414	0.570000	0.570000	88.870000	35.810000	1.000000	6.105451	48.341342
415	0.570000	0.510000	89.720000	18.640000	0.999600	6.157644	48.399021
416	0.560000	0.430000	89.050000	0.800000	0.999600	6.128625	48.290084
417	0.550000	0.560000	88.310000	32.620000	0.999600	6.126036	48.467031
418	0.560000	0.530000	89.670000	24.090000	0.999600	6.153288	48.406675
419	0.530000	0.420000	85.800000	2.010000	1.000000	6.201678	48.817493
420	0.520000	0.440000	82.490000	14.960000	1.000000	6.131008	48.431005
421	0.540000	0.480000	85.850000	17.790000	1.000000	6.077255	48.500602
422	0.530000	0.490000	83.940000	20.800000	1.000000	6.076583	48.691585
423	0.540000	0.410000	86.030000	2.290000	1.000000	6.113780	48.333909
424	0.540000	0.410000	86.230000	0.130000	0.998800	6.107606	48.502518
425	0.520000	0.490000	82.980000	23.120000	0.999600	6.130247	48.388476
426	0.560000	0.500000	86.920000	17.240000	0.999600	6.105645	48.368404
427	0.560000	0.450000	88.570000	6.750000	0.999600	6.107615	48.151459
428	0.550000	0.460000	88.510000	12.810000	0.999200	6.136314	48.653727
429	0.550000	0.410000	89.810000	-3.560000	0.999600	6.167729	48.799292
430	0.550000	0.480000	89.730000	13.110000	0.999600	6.235547	48.455571
431	0.560000	0.460000	92.180000	7.950000	1.000000	6.273790	48.655348
432	0.550000	0.450000	90.620000	6.680000	0.999600	6.239060	48.566314
433	0.550000	0.460000	91.610000	8.120000	0.999600	6.223900	48.612954
434	0.560000	0.430000	93.160000	-0.770000	0.999600	6.301476	48.308490
435	0.550000	0.460000	93.360000	3.420000	1.000000	6.367293	48.414015
436	0.550000	0.450000	92.160000	1.470000	0.999600	6.338868	48.665267
437	0.550000	0.470000	93.100000	5.310000	0.999600	6.348897	48.917629
438	0.530000	0.460000	88.960000	11.280000	1.000000	6.282297	48.339467
439	0.530000	0.470000	89.990000	10.720000	0.999600	6.228240	48.314255
440	0.550000	0.470000	91.410000	9.660000	0.999200	6.285907	48.650470
441	0.570000	0.440000	93.200000	0.200000	1.000000	6.350432	48.472683
442	0.550000	0.440000	91.070000	4.170000	1.000000	6.364496	48.467925
443	0.540000	0.460000	89.600000	7.920000	1.000000	6.322006	48.632564
444	0.540000	0.470000	88.940000	11.290000	0.999600	6.251178	48.441987
445	0.550000	0.460000	90.500000	7.290000	1.000000	6.246798	48.501538
446	0.550000	0.430000	90.040000	3.200000	1.000000	6.212442	48.294469
447	0.550000	0.480000	90.710000	13.420000	1.000000	6.285955	48.427762
448	0.550000	0.430000	90.970000	-1.190000	0.999200	6.340659	48.767352
449	0.520000	0.430000	86.370000	4.590000	0.999600	6.355615	48.692723
450	0.520000	0.420000	86.560000	-1.120000	0.998800	6.294472	48.481393
451	0.530000	0.410000	88.120000	-2.510000	0.999600	6.273397	48.612550
452	0.520000	0.400000	85.660000	0.300000	0.999600	6.222030	48.381544
453	0.530000	0.450000	86.910000	8.620000	0.999600	6.160543	48.247500
454	0.510000	0.470000	84.400000	16.330000	1.000000	6.201492	48.279020
455	0.530000	0.540000	86.280000	32.490000	1.000000	6.118525	48.200996
456	0.530000	0.490000	87.130000	18.460000	1.000000	6.195553	48.299325
457	0.520000	0.420000	86.420000	3.510000	0.999200	6.145766	48.020846
458	0.500000	0.450000	84.610000	11.040000	1.000000	6.219320	48.369030
459	0.500000	0.460000	85.100000	13.810000	0.999200	6.216084	48.481914
460	0.500000	0.440000	84.100000	10.980000	0.999200	6.238427	48.047551
461	0.490000	0.500000	83.570000	19.280000	1.000000	6.199377	48.509811
462	0.480000	0.460000	81.370000	16.870000	0.998800	6.144883	48.316080
463	0.460000	0.490000	77.060000	28.550000	0.999600	6.158729	48.613819
464	0.480000	0.480000	79.470000	22.350000	0.999200	6.075699	48.607362
465	0.480000	0.490000	79.880000	21.440000	0.999600	6.108805	48.101961
466	0.480000	0.440000	78.880000	16.670000	0.999600	6.237497	48.456671
467	0.490000	0.420000	80.250000	9.070000	0.999200	6.154815	48.442512
468	0.480000	0.500000	79.340000	28.310000	1.000000	6.099839	48.266260
469	0.480000	0.490000	79.580000	24.320000	0.999600	6.010968	48.194871
470	0.470000	0.480000	77.280000	27.650000	0.999600	6.028419	48.137230
471	0.480000	0.500000	78.520000	25.610000	0.999600	6.037986	48.335518
472	0.480000	0.500000	79.160000	28.550000	1.000000	6.014791	48.186159
473	0.470000	0.510000	77.470000	28.840000	1.000000	6.016094	48.226095
474	0.470000	0.460000	78.180000	18.380000	1.000000	6.023483	48.186363
475	0.470000	0.560000	76.460000	45.560000	1.000000	5.917776	48.164564
476	0.470000	0.550000	77.520000	36.720000	0.999600	5.931944	48.222815
477	0.460000	0.540000	76.810000	35.730000	1.000000	5.928286	48.118463
478	0.480000	0.480000	78.350000	23.570000	0.999600	5.964500	48.326341
479	0.480000	0.510000	78.350000	29.940000	0.999200	5.946820	48.380706
480	0.490000	0.430000	78.950000	8.890000	1.000000	5.959807	48.406393
481	0.480000	0.420000	77.220000	10.300000	0.999200	6.035518	48.389199
482	0.470000	0.510000	76.480000	33.080000	0.999600	6.084037	48.639853
483	0.470000	0.480000	78.140000	26.110000	1.000000	6.024278	48.348440
484	0.480000	0.430000	79.230000	12.660000	0.999600	6.089393	48.143343
485	0.490000	0.490000	80.730000	23.640000	0.999200	6.134116	48.204720
486	0.480000	0.570000	79.750000	43.210000	0.999200	6.140094	48.519833
487	0.490000	0.530000	80.900000	30.980000	0.999600	6.116926	48.676063
488	0.480000	0.500000	80.360000	24.420000	0.999200	6.057144	48.395416
489	0.480000	0.570000	80.930000	42.840000	0.999200	6.085752	48.568945
490	0.490000	0.520000	82.110000	30.790000	0.999600	6.135610	48.567109
491	0.490000	0.560000	82.890000	38.130000	0.999200	6.129113	48.501904
492	0.500000	0.560000	83.470000	36.780000	0.999600	6.087596	48.103569
493	0.490000	0.510000	81.810000	25.560000	1.000000	6.060951	48.422849
494	0.480000	0.520000	80.700000	28.490000	0.999600	6.052450	48.291187
495	0.480000	0.510000	81.500000	28.420000	1.000000	6.022565	48.197744
496	0.480000	0.520000	80.600000	31.950000	0.999600	5.974139	48.032730
497	0.470000	0.510000	78.140000	34.500000	0.998800	5.950249	48.130048
498	0.460000	0.540000	77.730000	38.230000	0.998800	6.023750	48.134199
499	0.480000	0.540000	79.320000	34.590000	1.000000	6.003352	48.098019
500	0.470000	0.460000	78.330000	19.360000	0.999600	5.976017	48.055457
501	0.460000	0.510000	76.690000	29.160000	0.999600	5.986324	48.212969
502	0.450000	0.580000	75.630000	45.530000	0.999600	5.997541	48.297141
503	0.460000	0.520000	76.660000	30.760000	0.999200	6.021417	48.036381
504	0.460000	0.500000	76.430000	28.830000	1.000000	6.036019	48.212277
505	0.460000	0.500000	75.860000	28.180000	0.999600	6.058304	48.152681
506	0.460000	0.510000	74.260000	35.200000	0.998800	6.015234	47.872517
507	0.460000	0.500000	75.390000	33.320000	0.999200	6.038756	48.154547
508	0.480000	0.540000	77.200000	39.160000	0.998800	6.042278	48.273187
509	0.460000	0.540000	74.300000	42.290000	0.998800	6.124570	48.157164
510	0.500000	0.510000	76.640000	32.770000	1.000000	6.058042	48.013271
511	0.490000	0.580000	76.150000	48.890000	0.999600	6.048138	48.015716
512	0.500000	0.500000	77.800000	30.730000	1.000000	5.978518	48.024550
513	0.510000	0.540000	77.920000	37.830000	0.999600	6.043614	48.314189
514	0.550000	0.470000	81.920000	20.760000	0.999200	6.015582	48.530901
515	0.530000	0.520000	80.220000	27.680000	1.000000	6.068264	47.912850
516	0.510000	0.480000	78.300000	24.000000	0.999200	6.118616	48.393143
517	0.520000	0.500000	81.040000	24.250000	0.999200	6.029628	48.422807
518	0.520000	0.510000	80.190000	29.190000	0.998800	6.120777	48.401137
519	0.530000	0.460000	82.690000	16.370000	0.999600	6.112811	48.189003
520	0.510000	0.520000	80.400000	27.560000	1.000000	6.144558	48.074758
521	0.520000	0.450000	81.920000	12.120000	0.998800	6.084440	48.356831
522	0.530000	0.430000	84.180000	7.580000	0.999200	6.117445	48.586854
523	0.530000	0.450000	85.360000	7.580000	0.999200	6.100879	48.609898
524	0.530000	0.450000	86.040000	10.210000	0.999600	6.188597	48.218085
525	0.530000	0.470000	87.680000	11.190000	1.000000	6.222509	48.492253
526	0.540000	0.430000	89.640000	2.570000	0.998000	6.262391	48.380628
527	0.550000	0.390000	90.450000	-6.520000	0.999200	6.210707	48.732512
528	0.560000	0.420000	91.510000	-1.850000	1.000000	6.197503	48.402789
529	0.560000	0.400000	92.430000	-4.760000	0.999600	6.254011	48.765562
530	0.540000	0.430000	89.890000	3.070000	0.999200	6.287044	48.580186
531	0.540000	0.490000	91.070000	10.430000	0.998000	6.285312	48.506662
532	0.530000	0.480000	89.960000	12.990000	0.998400	6.335915	48.725410
533	0.520000	0.450000	88.900000	7.650000	1.000000	6.282871	48.355762
534	0.520000	0.400000	90.110000	-5.110000	0.999200	6.247222	48.343189
535	0.530000	0.470000	90.890000	8.900000	0.999600	6.344289	48.710236
536	0.520000	0.440000	89.570000	8.700000	0.999600	6.383472	48.506289
537	0.510000	0.430000	86.480000	6.290000	0.999600	6.341077	48.282760
538	0.490000	0.490000	82.620000	22.390000	0.999200	6.272267	47.985811
539	0.480000	0.470000	81.910000	17.490000	0.999600	6.282992	48.546867
540	0.490000	0.470000	83.470000	14.650000	1.000000	6.233592	48.454142
541	0.490000	0.520000	84.480000	26.140000	0.998800	6.297935	48.589837
542	0.480000	0.520000	82.660000	28.340000	0.999600	6.223496	48.402010
543	0.500000	0.480000	84.000000	20.360000	0.999600	6.178081	48.541669
544	0.490000	0.520000	82.480000	25.070000	0.999600	6.080865	48.421195
545	0.470000	0.540000	79.250000	35.780000	1.000000	6.036976	47.629453
546	0.460000	0.490000	78.570000	25.950000	1.000000	6.021771	48.393699
547	0.470000	0.510000	78.940000	30.180000	0.999600	6.077123	47.968632
548	0.460000	0.460000	78.300000	16.710000	0.999200	6.130485	48.036856
549	0.460000	0.500000	76.740000	30.580000	1.000000	6.134480	48.172252
550	0.460000	0.440000	75.100000	16.020000	0.999200	6.119472	47.775638
551	0.470000	0.480000	75.010000	25.250000	1.000000	6.003446	48.239968
552	0.460000	0.510000	74.020000	35.970000	0.999600	5.895269	48.159564
553	0.470000	0.550000	75.630000	38.860000	1.000000	5.958326	48.396133
554	0.500000	0.510000	78.280000	30.720000	0.999600	5.992366	47.970152
555	0.480000	0.510000	75.760000	31.230000	1.000000	6.047997	47.993923
556	0.490000	0.520000	76.390000	35.600000	1.000000	6.016277	48.292411
557	0.510000	0.500000	77.550000	29.280000	1.000000	6.030100	48.246360
558	0.520000	0.590000	79.970000	47.420000	0.999600	6.042269	48.466852
559	0.520000	0.500000	80.530000	27.590000	1.000000	6.012194	47.957974
560	0.510000	0.500000	79.520000	27.270000	0.999200	6.061138	48.278251
561	0.520000	0.540000	80.870000	35.030000	1.000000	6.113501	48.208124
562	0.520000	0.450000	81.980000	10.790000	0.999200	6.139150	48.239820
563	0.530000	0.440000	83.500000	9.990000	0.999200	6.140344	48.403687
564	0.510000	0.460000	80.060000	16.440000	1.000000	6.186439	48.541434
565	0.500000	0.470000	78.160000	23.820000	1.000000	6.161837	48.475234
566	0.520000	0.490000	81.050000	25.780000	0.999600	6.138124	48.267560
567	0.530000	0.520000	82.590000	29.520000	0.999200	6.173149	48.039202
568	0.520000	0.460000	80.830000	17.480000	1.000000	6.182558	48.378257
569	0.530000	0.450000	83.420000	11.960000	1.000000	6.148372	48.036792
570	0.550000	0.510000	85.470000	22.550000	0.999600	6.152838	48.307935
571	0.550000	0.460000	84.960000	13.020000	1.000000	6.229014	48.506526
572	0.560000	0.490000	87.550000	19.870000	0.999600	6.218452	48.374260
573	0.560000	0.560000	87.690000	32.480000	1.000000	6.286198	48.445152
574	0.540000	0.530000	86.380000	29.580000	0.999200	6.276739	48.584438
575	0.530000	0.530000	85.860000	28.400000	1.000000	6.257033	48.413256
576	0.570000	0.460000	87.640000	13.130000	0.999600	6.303818	48.422772
577	0.570000	0.550000	90.050000	25.460000	1.000000	6.335417	48.507984
578	0.570000	0.520000	91.210000	22.130000	0.999600	6.342339	48.340610
579	0.570000	0.470000	92.450000	12.800000	1.000000	6.342863	48.321107
580	0.560000	0.470000	89.870000	10.670000	0.999200	6.386430	48.476930
581	0.570000	0.510000	91.660000	16.230000	0.999600	6.281861	48.610106
582	0.570000	0.430000	93.230000	0.590000	1.000000	6.276919	48.474859
583	0.590000	0.460000	94.670000	2.690000	1.000000	6.266912	48.440543
584	0.590000	0.360000	94.550000	-18.720000	0.999600	6.292450	48.220983
585	0.610000	0.380000	95.950000	-15.780000	0.998800	6.329546	48.420882
586	0.620000	0.380000	97.780000	-15.790000	0.998400	6.350821	48.369072
587	0.620000	0.470000	98.340000	0.990000	0.999600	6.386205	48.712738
588	0.600000	0.450000	95.670000	-0.670000	0.999600	6.471006	48.801206
589	0.600000	0.440000	96.780000	-4.890000	0.999600	6.384362	48.368531
590	0.600000	0.480000	98.580000	3.430000	0.999200	6.449779	48.405384
591	0.600000	0.440000	99.010000	-4.460000	0.998800	6.518763	48.760704
592	0.600000	0.430000	99.820000	-8.000000	1.000000	6.517961	48.782414
593	0.590000	0.420000	98.380000	-8.880000	1.000000	6.568116	49.191454
594	0.580000	0.450000	96.880000	-0.010000	0.999600	6.606427	48.974537
595	0.600000	0.430000	99.600000	-7.870000	1.000000	6.481423	48.303064
596	0.610000	0.450000	100.850000	-3.740000	0.998800	6.529788	48.656889
597	0.600000	0.470000	99.920000	2.050000	0.999600	6.522753	48.850481
598	0.600000	0.440000	99.940000	-8.080000	0.998800	6.463578	48.361045
599	0.600000	0.450000	101.000000	-4.230000	1.000000	6.447071	48.591778
600	0.600000	0.420000	99.750000	-9.890000	1.000000	6.477737	48.280372
601	0.610000	0.380000	101.410000	-17.090000	0.998400	6.381131	48.591618
602	0.610000	0.380000	102.460000	-19.770000	0.999200	6.422462	48.463332
603	0.600000	0.370000	102.790000	-24.700000	1.000000	6.508255	48.607866
604	0.570000	0.430000	97.920000	-3.400000	1.000000	6.484957	48.760817
605	0.580000	0.490000	99.830000	6.030000	0.999200	6.449876	48.797003
606	0.570000	0.400000	98.330000	-13.490000	0.999600	6.442011	48.855558
607	0.570000	0.460000	97.960000	-0.660000	0.999600	6.408974	48.406030
608	0.560000	0.430000	96.340000	-3.970000	1.000000	6.488245	48.621890
609	0.550000	0.380000	94.720000	-12.420000	1.000000	6.440860	48.792709
610	0.540000	0.400000	92.160000	-4.930000	0.998800	6.438397	48.437207
611	0.550000	0.470000	92.980000	7.620000	0.999200	6.356401	48.558977
612	0.570000	0.430000	94.220000	0.730000	0.999600	6.363803	48.663788
613	0.580000	0.430000	95.800000	0.130000	1.000000	6.359547	48.651420
614	0.590000	0.460000	97.540000	2.140000	0.999600	6.393283	48.696655
615	0.570000	0.440000	94.790000	-1.330000	0.998800	6.391485	48.721537
616	0.570000	0.430000	94.450000	-0.470000	1.000000	6.395409	48.783160
617	0.560000	0.450000	93.590000	1.060000	0.999600	6.390577	48.612051
618	0.570000	0.430000	95.020000	-0.120000	1.000000	6.380204	48.637681
619	0.590000	0.470000	96.540000	3.090000	0.999600	6.260905	48.558454
620	0.580000	0.470000	93.790000	2.710000	0.998800	6.295723	48.668026
621	0.580000	0.430000	92.180000	-0.450000	0.998800	6.322846	48.534534
622	0.580000	0.430000	93.180000	0.250000	1.000000	6.277244	48.318877
623	0.590000	0.520000	91.810000	20.930000	1.000000	6.303485	48.875581
624	0.590000	0.580000	92.920000	32.690000	0.999200	6.225621	48.473828
625	0.590000	0.480000	94.170000	10.720000	1.000000	6.249947	48.404943
626	0.560000	0.460000	89.970000	8.230000	0.998800	6.245714	48.727586
627	0.550000	0.400000	90.410000	-7.620000	1.000000	6.242475	48.846927
628	0.530000	0.440000	87.230000	7.960000	1.000000	6.194178	48.591982
629	0.520000	0.460000	85.760000	11.070000	0.999200	6.210433	48.453499
630	0.500000	0.460000	82.320000	15.820000	0.999600	6.183438	48.748186
631	0.530000	0.490000	86.650000	16.150000	0.999600	6.209316	48.428703
632	0.540000	0.500000	88.010000	20.020000	0.999600	6.242500	48.582207
633	0.540000	0.450000	89.630000	4.470000	1.000000	6.187411	48.425003
634	0.540000	0.460000	91.470000	4.560000	0.999200	6.289818	48.485359
635	0.540000	0.500000	91.190000	14.790000	0.999200	6.246535	48.315650
636	0.530000	0.450000	90.270000	7.970000	0.999600	6.262148	48.326259
637	0.540000	0.450000	90.830000	2.870000	1.000000	6.248680	48.206428
638	0.540000	0.480000	90.990000	14.740000	0.998800	6.252385	48.413101
639	0.550000	0.450000	91.480000	6.840000	1.000000	6.231171	48.198764
640	0.530000	0.480000	88.580000	16.510000	0.999600	6.282567	48.396585
641	0.540000	0.440000	88.910000	4.760000	0.999200	6.254403	48.477069
642	0.540000	0.480000	88.580000	13.800000	0.999600	6.226064	48.528483
643	0.530000	0.480000	88.390000	15.000000	0.999200	6.240701	48.199724
644	0.530000	0.480000	89.300000	13.480000	0.999200	6.237815	48.395984
645	0.520000	0.470000	88.270000	12.700000	0.999600	6.287219	48.531047
646	0.490000	0.460000	82.330000	17.330000	1.000000	6.243258	48.464529
647	0.500000	0.410000	81.960000	5.090000	1.000000	6.252204	48.443983
648	0.520000	0.530000	84.180000	29.320000	1.000000	6.183508	48.377663
649	0.510000	0.470000	83.990000	14.710000	0.999600	6.281371	48.484552
650	0.510000	0.510000	84.840000	21.100000	0.999200	6.150748	48.175454
651	0.510000	0.500000	84.490000	19.090000	1.000000	6.092062	48.136866
652	0.490000	0.480000	80.390000	19.080000	0.999600	6.156790	48.147387
653	0.490000	0.470000	81.030000	18.790000	0.999600	6.132367	48.663947
654	0.490000	0.520000	79.380000	30.530000	0.999600	6.128344	48.430120
655	0.490000	0.560000	80.020000	41.060000	0.998800	6.156218	48.229502
656	0.500000	0.550000	79.980000	36.390000	1.000000	6.189676	48.515283
657	0.500000	0.560000	80.920000	36.330000	1.000000	6.101542	48.217658
658	0.510000	0.540000	81.980000	34.230000	1.000000	6.046290	48.241660
659	0.500000	0.510000	81.440000	24.340000	1.000000	6.155922	48.385612
660	0.520000	0.520000	83.790000	27.340000	1.000000	6.202769	48.358654
661	0.510000	0.520000	83.570000	23.090000	1.000000	6.271866	48.384388
662	0.510000	0.520000	85.480000	26.510000	0.999200	6.214897	48.383139
663	0.500000	0.510000	84.440000	23.120000	0.999600	6.198814	48.624157
664	0.500000	0.510000	84.840000	24.650000	1.000000	6.210521	48.555588
665	0.500000	0.460000	84.490000	15.320000	0.999600	6.268884	48.535850
666	0.500000	0.470000	82.990000	18.300000	0.999600	6.214266	48.223613
667	0.490000	0.550000	80.730000	36.170000	0.999600	6.140009	48.251038
668	0.510000	0.490000	82.440000	18.200000	0.999200	6.158593	48.045863
669	0.510000	0.440000	83.130000	10.690000	0.999200	6.139248	48.134431
670	0.500000	0.520000	82.160000	28.660000	1.000000	5.993198	47.927999
671	0.510000	0.500000	84.500000	20.580000	0.999600	6.003550	48.238281
672	0.500000	0.500000	81.880000	25.490000	0.999600	5.976735	48.076513
673	0.510000	0.490000	83.300000	25.420000	0.999600	6.050488	48.576136
674	0.520000	0.500000	84.200000	26.080000	0.999200	6.039405	48.250208
675	0.510000	0.460000	83.350000	12.550000	0.999200	6.112256	48.285114
676	0.510000	0.460000	83.420000	16.200000	0.999200	6.107472	48.368347
677	0.500000	0.490000	82.590000	22.670000	0.999600	6.107403	47.983910
678	0.500000	0.510000	82.230000	26.980000	1.000000	6.123934	48.307811
679	0.500000	0.460000	83.570000	13.880000	0.999200	6.129076	48.284790
680	0.520000	0.460000	83.990000	13.510000	0.999600	6.146337	48.330945
681	0.520000	0.410000	84.650000	2.150000	0.999600	6.157449	48.028247
682	0.510000	0.440000	83.800000	8.310000	0.999600	6.164529	48.253246
683	0.510000	0.470000	85.200000	17.500000	0.999600	6.214941	48.351540
684	0.510000	0.510000	85.120000	22.950000	0.999200	6.259277	48.556757
685	0.520000	0.450000	86.920000	11.270000	0.999200	6.297071	48.639254
686	0.510000	0.400000	86.340000	1.140000	0.999200	6.285606	48.634327
687	0.530000	0.490000	87.030000	14.460000	0.998800	6.316163	48.634341
688	0.550000	0.400000	88.920000	-4.540000	0.998800	6.285968	48.572079
689	0.550000	0.480000	88.780000	12.810000	0.998400	6.278386	48.234224
690	0.550000	0.470000	90.240000	8.170000	0.999600	6.332005	48.443404
691	0.570000	0.450000	91.460000	4.420000	0.999600	6.309523	48.474802
692	0.570000	0.360000	93.310000	-17.880000	1.000000	6.369365	48.363640
693	0.550000	0.430000	90.480000	0.860000	0.999600	6.349699	48.502787
694	0.540000	0.470000	89.470000	10.650000	0.999600	6.309001	48.444391
695	0.550000	0.450000	88.820000	5.730000	0.998800	6.355818	48.620072
696	0.550000	0.470000	88.730000	12.140000	0.999600	6.336030	48.356484
697	0.560000	0.470000	89.950000	8.950000	0.999600	6.319934	48.488569
698	0.570000	0.410000	91.970000	-4.250000	0.999600	6.357215	48.629856
699	0.580000	0.460000	92.940000	5.840000	0.999600	6.269245	48.390038
700	0.570000	0.480000	91.040000	7.960000	0.999600	6.333254	48.749263
701	0.580000	0.480000	93.150000	7.670000	1.000000	6.329296	48.666642
702	0.570000	0.490000	92.490000	15.110000	0.999600	6.370985	48.707313
703	0.580000	0.520000	94.800000	17.820000	0.998800	6.272016	48.576373
704	0.560000	0.530000	92.230000	22.690000	1.000000	6.293399	48.353705
705	0.560000	0.450000	93.360000	5.460000	0.999200	6.383064	48.476104
706	0.550000	0.440000	91.220000	4.310000	0.999200	6.302653	48.770764
707	0.540000	0.480000	90.180000	11.600000	0.999200	6.266193	48.587737
708	0.530000	0.410000	89.060000	-2.200000	0.999600	6.225802	48.509743
709	0.530000	0.480000	88.230000	11.960000	0.999600	6.260019	48.516104
710	0.520000	0.520000	86.850000	21.670000	0.999200	6.253898	48.149676
711	0.540000	0.450000	88.530000	7.810000	0.999200	6.272513	48.361484
712	0.540000	0.500000	89.070000	20.800000	0.999600	6.246285	48.414392
713	0.550000	0.510000	90.660000	22.280000	0.999200	6.274122	48.351394
714	0.530000	0.520000	88.700000	21.260000	1.000000	6.262381	48.541918
715	0.520000	0.510000	87.110000	23.550000	0.999600	6.188747	48.330600
716	0.520000	0.540000	85.810000	34.590000	0.999200	6.192166	48.490148
717	0.510000	0.510000	83.580000	29.330000	0.999600	6.165692	48.312999
718	0.520000	0.420000	85.550000	7.980000	0.999600	6.277401	48.692352
719	0.520000	0.560000	85.110000	35.640000	0.999600	6.163561	48.683722
720	0.530000	0.570000	84.500000	39.420000	0.999600	6.116178	48.604507
721	0.530000	0.550000	85.170000	32.760000	0.999600	6.112472	48.474619
722	0.520000	0.570000	84.070000	39.870000	0.999200	6.151470	48.216229
723	0.520000	0.500000	85.110000	22.820000	1.000000	6.149494	48.456737
724	0.540000	0.510000	86.920000	18.620000	0.999600	6.138336	48.407050
725	0.550000	0.500000	87.970000	19.480000	1.000000	6.204005	48.356176
726	0.540000	0.470000	85.600000	16.710000	0.999600	6.218574	48.137967
727	0.560000	0.460000	88.210000	11.550000	0.999200	6.251037	48.422417
728	0.540000	0.440000	85.280000	7.780000	0.999200	6.333072	48.540332
729	0.530000	0.510000	85.550000	22.380000	1.000000	6.252200	48.306554
730	0.550000	0.430000	88.450000	3.820000	0.999200	6.316625	48.486830
731	0.550000	0.530000	88.870000	23.470000	0.998400	6.392007	48.568592
732	0.540000	0.480000	88.540000	13.120000	0.999600	6.405453	48.515099
733	0.560000	0.500000	90.600000	16.950000	1.000000	6.367702	48.375995
734	0.560000	0.450000	91.710000	4.630000	0.999600	6.369178	48.417867
735	0.570000	0.480000	91.110000	11.320000	0.999600	6.332363	48.399211
736	0.570000	0.520000	92.370000	21.980000	0.998800	6.298773	48.739952
737	0.560000	0.500000	92.340000	16.340000	0.999600	6.393176	48.433256
738	0.560000	0.500000	92.030000	16.010000	1.000000	6.330924	48.501294
739	0.560000	0.450000	92.960000	1.840000	0.999600	6.314503	48.210351
740	0.550000	0.410000	91.150000	-2.570000	0.999600	6.273853	48.373965
741	0.560000	0.520000	92.710000	19.340000	1.000000	6.314584	48.563917
742	0.550000	0.480000	89.770000	12.690000	0.999600	6.374554	48.402492
743	0.560000	0.510000	93.050000	17.630000	0.999200	6.477891	48.408545
744	0.550000	0.450000	92.360000	3.870000	0.999600	6.475606	49.054182
745	0.540000	0.500000	90.300000	15.620000	0.998800	6.391077	48.510820
746	0.530000	0.480000	89.110000	15.710000	1.000000	6.413179	48.654520
747	0.540000	0.440000	90.110000	6.730000	0.999600	6.355268	48.328655
748	0.530000	0.500000	89.040000	18.560000	0.999200	6.283165	48.281737
749	0.520000	0.460000	85.310000	17.570000	1.000000	6.302784	48.703702
750	0.520000	0.490000	85.000000	20.630000	0.999200	6.296505	48.374378
751	0.530000	0.440000	87.060000	8.330000	1.000000	6.161884	48.413201
752	0.540000	0.470000	87.700000	15.600000	0.999600	6.197150	48.478756
753	0.560000	0.540000	89.510000	28.520000	1.000000	6.234274	48.101109
754	0.540000	0.490000	87.690000	18.350000	0.999600	6.194634	48.496042
755	0.550000	0.440000	87.250000	5.810000	0.999600	6.246064	48.892493
756	0.550000	0.450000	87.870000	5.630000	0.999600	6.234252	48.681286
757	0.550000	0.450000	89.350000	9.550000	0.999600	6.303614	48.622505
758	0.560000	0.440000	90.440000	3.990000	0.999200	6.233867	48.512892
759	0.560000	0.480000	91.470000	9.630000	0.999600	6.242317	48.097183
760	0.560000	0.450000	89.950000	7.230000	0.999600	6.269637	48.546451
761	0.560000	0.500000	91.170000	14.620000	0.999200	6.343715	48.383219
762	0.550000	0.440000	89.200000	4.060000	0.999600	6.313445	48.086469
763	0.550000	0.410000	89.130000	-1.360000	0.999200	6.365022	48.430644
764	0.550000	0.450000	88.690000	9.740000	0.999200	6.335957	48.508272
765	0.560000	0.430000	90.740000	-1.410000	1.000000	6.348783	48.834032
766	0.560000	0.490000	92.510000	11.690000	1.000000	6.375793	48.717539
767	0.550000	0.450000	90.550000	7.530000	0.999600	6.323345	48.711075
768	0.550000	0.470000	90.030000	11.670000	0.998800	6.367303	48.400367
769	0.540000	0.510000	88.640000	22.360000	0.999600	6.293366	48.471935
770	0.540000	0.540000	88.240000	29.940000	0.999200	6.253688	48.325210
771	0.540000	0.470000	88.610000	10.860000	0.999200	6.263557	48.409486
772	0.540000	0.440000	86.780000	6.160000	1.000000	6.254556	48.465050
773	0.530000	0.450000	84.920000	14.670000	0.999600	6.208967	48.311593
774	0.530000	0.410000	85.360000	1.070000	0.999200	6.228072	48.259426
775	0.520000	0.460000	85.650000	10.700000	0.999200	6.252073	48.355686
776	0.510000	0.410000	84.850000	0.010000	1.000000	6.169964	48.446780
777	0.510000	0.490000	84.970000	17.230000	0.999200	6.175278	48.238870
778	0.510000	0.480000	85.670000	18.550000	1.000000	6.151903	47.893937
779	0.530000	0.580000	87.130000	36.250000	1.000000	6.188825	48.314618
780	0.540000	0.540000	88.210000	28.250000	0.999600	6.171626	48.343817
781	0.530000	0.530000	87.350000	22.410000	0.999600	6.218564	48.380582
782	0.510000	0.440000	84.270000	11.270000	0.999600	6.277030	48.364122
783	0.550000	0.420000	88.410000	1.060000	1.000000	6.244223	48.251088
784	0.560000	0.450000	89.910000	6.580000	0.999600	6.226669	48.126482
785	0.560000	0.390000	91.450000	-7.680000	0.999200	6.176815	48.197429
786	0.560000	0.430000	92.910000	-0.800000	1.000000	6.230653	48.401343
787	0.570000	0.460000	93.760000	4.680000	0.999600	6.278659	48.709089
788	0.580000	0.480000	94.680000	6.870000	1.000000	6.321948	48.878868
789	0.600000	0.480000	96.620000	7.280000	0.999600	6.409642	48.485042
790	0.590000	0.510000	95.860000	14.090000	0.999200	6.431022	48.851381
791	0.610000	0.520000	98.090000	13.590000	0.999200	6.340532	48.776606
792	0.590000	0.440000	95.340000	-1.160000	0.999600	6.381977	48.550220
793	0.590000	0.420000	95.170000	-5.440000	0.998800	6.411607	48.884790
794	0.600000	0.410000	96.830000	-7.130000	0.999600	6.433353	48.754769
795	0.610000	0.480000	98.350000	5.970000	0.999600	6.442632	48.833461
796	0.610000	0.480000	99.570000	1.460000	1.000000	6.427307	48.581502
797	0.610000	0.420000	99.650000	-10.990000	1.000000	6.404406	48.534332
798	0.590000	0.430000	96.840000	-3.280000	1.000000	6.498966	48.829360
799	0.610000	0.490000	97.980000	6.480000	1.000000	6.483209	48.621675
800	0.610000	0.400000	98.220000	-12.880000	1.000000	6.466447	48.572398
801	0.600000	0.430000	96.960000	-4.550000	0.999600	6.484977	48.296133
802	0.590000	0.540000	96.960000	16.750000	1.000000	6.401878	48.550311
803	0.590000	0.490000	96.920000	5.770000	0.999200	6.450174	48.416089
804	0.580000	0.450000	95.700000	1.810000	0.999600	6.460260	48.525586
805	0.600000	0.470000	97.410000	5.320000	0.999200	6.420397	48.683189
806	0.610000	0.450000	98.760000	2.340000	0.999600	6.360378	48.366799
807	0.610000	0.450000	99.300000	0.220000	1.000000	6.405297	48.267529
808	0.610000	0.430000	100.690000	-6.850000	0.999600	6.465668	48.634554
809	0.600000	0.470000	99.000000	5.600000	1.000000	6.483089	48.731956
810	0.630000	0.490000	103.250000	6.260000	1.000000	6.480334	48.705173
811	0.630000	0.530000	103.700000	12.280000	0.999600	6.431044	48.738009
812	0.620000	0.460000	103.390000	-1.690000	1.000000	6.460429	49.072359
813	0.610000	0.480000	100.290000	4.870000	0.999600	6.490570	48.961036
814	0.630000	0.460000	104.050000	-3.310000	0.999600	6.486273	48.990191
815	0.640000	0.410000	103.970000	-16.710000	0.999600	6.612027	48.931556
816	0.630000	0.390000	102.800000	-19.870000	0.999600	6.634916	49.186073
817	0.620000	0.380000	102.120000	-19.870000	0.998400	6.724845	48.941610
818	0.630000	0.430000	103.390000	-11.080000	0.998400	6.642297	48.904813
819	0.630000	0.370000	102.410000	-22.870000	0.999200	6.644817	48.701637
820	0.630000	0.420000	103.790000	-10.410000	0.999600	6.601995	48.989194
821	0.630000	0.400000	103.870000	-12.670000	0.999200	6.712622	48.937571
822	0.610000	0.440000	101.160000	-5.910000	0.999600	6.626965	48.982534
823	0.600000	0.460000	99.920000	0.800000	0.999600	6.569183	48.847551
824	0.610000	0.410000	102.180000	-15.170000	0.999600	6.623740	48.936637
825	0.620000	0.460000	103.070000	-4.300000	0.999600	6.604992	48.828287
826	0.620000	0.450000	103.690000	-6.870000	0.998800	6.540173	48.993260
827	0.600000	0.440000	101.670000	-5.420000	0.999600	6.562496	48.485810
828	0.590000	0.410000	101.100000	-15.220000	0.999200	6.489062	48.676790
829	0.600000	0.450000	101.010000	-4.080000	0.998800	6.491253	48.604168
830	0.600000	0.420000	102.390000	-11.660000	0.999600	6.534788	48.679165
831	0.600000	0.350000	102.980000	-27.840000	0.999600	6.541431	48.823608
832	0.590000	0.360000	101.600000	-24.920000	0.999600	6.534244	48.479399
833	0.580000	0.430000	98.850000	-7.030000	0.999200	6.534492	48.494203
834	0.570000	0.320000	97.950000	-27.340000	0.999200	6.502231	48.570406
835	0.580000	0.390000	99.630000	-14.790000	1.000000	6.523425	48.683449
836	0.580000	0.370000	100.420000	-19.920000	1.000000	6.629800	48.396583
837	0.570000	0.420000	99.030000	-10.890000	0.998800	6.612279	48.904280
838	0.580000	0.450000	99.080000	-3.410000	0.999600	6.546006	48.686911
839	0.560000	0.460000	96.330000	-2.330000	0.999600	6.518958	48.682102
840	0.550000	0.400000	95.590000	-10.210000	1.000000	6.442210	48.143303
841	0.550000	0.430000	94.570000	-1.720000	1.000000	6.410907	48.672562
842	0.550000	0.370000	93.500000	-14.710000	1.000000	6.382028	48.301410
843	0.560000	0.410000	93.670000	-5.550000	0.999600	6.427658	48.501021
844	0.550000	0.480000	92.840000	7.650000	1.000000	6.357154	48.614994
845	0.550000	0.490000	93.920000	13.750000	0.999600	6.335821	48.551107
846	0.550000	0.530000	93.680000	18.230000	0.999600	6.277328	48.321038
847	0.540000	0.550000	92.930000	26.600000	0.999600	6.310426	48.208661
848	0.540000	0.500000	92.960000	17.020000	1.000000	6.210199	48.353593
849	0.540000	0.450000	93.840000	1.040000	0.998400	6.336378	48.397978
850	0.540000	0.420000	93.390000	-6.050000	0.999600	6.324667	48.510774
851	0.550000	0.400000	94.800000	-11.070000	1.000000	6.385307	48.384634
852	0.540000	0.420000	90.660000	0.210000	1.000000	6.419367	48.577427
853	0.550000	0.490000	91.560000	11.000000	1.000000	6.362370	48.618574
854	0.550000	0.520000	91.670000	22.260000	0.999600	6.330814	48.532697
855	0.550000	0.480000	92.610000	10.940000	0.999200	6.359936	48.264085
856	0.550000	0.490000	93.530000	13.540000	0.998800	6.331927	48.249234
857	0.530000	0.470000	90.630000	10.660000	0.999200	6.388724	48.401656
858	0.540000	0.490000	92.570000	14.510000	1.000000	6.381516	48.587029
859	0.540000	0.450000	93.270000	5.240000	0.999600	6.339142	48.281469
860	0.530000	0.460000	90.900000	9.550000	0.999200	6.340447	48.501981
861	0.540000	0.520000	91.440000	21.310000	1.000000	6.320428	48.685760
862	0.550000	0.500000	92.480000	17.100000	0.998800	6.311112	48.505801
863	0.560000	0.490000	91.280000	16.880000	1.000000	6.365987	48.555229
864	0.560000	0.450000	90.890000	6.790000	0.999200	6.343866	48.560086
865	0.560000	0.470000	92.930000	9.260000	1.000000	6.320737	48.301820
866	0.550000	0.520000	90.880000	20.220000	0.999600	6.286862	48.721808
867	0.550000	0.510000	89.890000	19.340000	1.000000	6.254594	48.629230
868	0.550000	0.540000	90.690000	25.110000	0.999200	6.157043	48.491452
869	0.540000	0.390000	90.070000	-6.030000	0.999200	6.234561	48.785485
870	0.520000	0.330000	87.100000	-17.900000	1.000000	6.227358	48.386664
871	0.540000	0.430000	88.860000	5.350000	0.999600	6.209070	48.332377
872	0.540000	0.490000	89.660000	14.660000	0.999600	6.228622	48.828127
873	0.550000	0.480000	89.000000	14.630000	0.999600	6.244620	48.451607
874	0.520000	0.500000	84.970000	23.820000	0.998800	6.233608	48.666607
875	0.510000	0.490000	83.840000	21.960000	1.000000	6.116284	48.463882
876	0.520000	0.550000	85.160000	32.890000	0.999600	6.111590	48.522259
877	0.540000	0.450000	86.350000	9.790000	0.999200	6.112008	48.279347
878	0.530000	0.450000	84.850000	11.820000	0.997600	6.100895	48.422725
879	0.510000	0.540000	83.540000	32.590000	1.000000	6.189504	48.485732
880	0.510000	0.520000	82.110000	28.440000	0.999600	6.136583	48.495108
881	0.530000	0.450000	85.440000	11.210000	0.999600	6.084396	48.437219
882	0.530000	0.440000	85.910000	9.940000	0.999200	6.111042	48.913432
883	0.550000	0.470000	87.980000	14.580000	1.000000	6.146720	48.450458
884	0.540000	0.480000	87.430000	12.770000	1.000000	6.113996	48.535432
885	0.530000	0.410000	85.840000	2.540000	0.998800	6.236904	48.726182
886	0.540000	0.470000	87.370000	13.720000	1.000000	6.029729	48.355857
887	0.560000	0.480000	88.590000	13.760000	1.000000	6.185843	48.259291
888	0.550000	0.460000	86.810000	12.400000	0.999600	6.142967	48.526382
889	0.540000	0.470000	85.800000	14.540000	1.000000	6.180512	48.227025
890	0.550000	0.500000	87.440000	20.430000	1.000000	6.117167	48.383583
891	0.540000	0.400000	87.400000	0.270000	1.000000	6.185299	48.441878
892	0.550000	0.490000	89.330000	16.720000	1.000000	6.255900	48.337553
893	0.550000	0.430000	89.080000	2.960000	1.000000	6.272275	48.264639
894	0.530000	0.420000	84.600000	3.000000	1.000000	6.234610	48.527975
895	0.520000	0.450000	82.920000	15.910000	0.999200	6.201950	48.304540
896	0.510000	0.460000	82.420000	16.950000	0.999600	6.212212	48.304449
897	0.540000	0.500000	84.710000	24.070000	0.998800	6.132542	48.210961
898	0.550000	0.470000	86.950000	15.720000	0.999200	6.115027	48.361247
899	0.550000	0.530000	88.270000	25.200000	1.000000	6.240334	48.614926
900	0.550000	0.480000	88.840000	11.950000	1.000000	6.192514	48.592024
901	0.560000	0.490000	90.430000	16.830000	0.999200	6.218934	48.580792
902	0.560000	0.420000	91.290000	-3.980000	0.999200	6.273534	48.593612
903	0.560000	0.480000	91.140000	10.410000	0.999200	6.288316	48.451379
904	0.560000	0.430000	92.770000	-2.240000	1.000000	6.281487	48.653775
905	0.560000	0.400000	92.380000	-5.350000	0.999600	6.316201	48.564908
906	0.550000	0.440000	90.690000	4.460000	1.000000	6.341101	48.517967
907	0.550000	0.500000	91.120000	17.100000	0.999200	6.321792	48.877974
908	0.550000	0.460000	92.730000	4.040000	0.999200	6.167487	48.525779
909	0.550000	0.430000	93.360000	-1.710000	1.000000	6.149049	48.591507
910	0.540000	0.500000	92.310000	13.720000	0.999600	6.252474	48.758440
911	0.540000	0.360000	92.160000	-13.220000	0.999600	6.340352	48.767795
912	0.540000	0.440000	90.320000	2.420000	0.998800	6.385087	48.550484
913	0.540000	0.460000	92.080000	9.640000	0.998800	6.441906	48.584684
914	0.550000	0.500000	92.290000	19.500000	0.999200	6.412798	48.561115
915	0.570000	0.450000	93.720000	5.650000	0.999200	6.385148	48.754090
916	0.580000	0.460000	93.990000	1.420000	0.999200	6.328910	48.211554
917	0.560000	0.460000	91.620000	6.780000	1.000000	6.356090	48.377328
918	0.560000	0.510000	93.050000	17.330000	0.999200	6.381824	48.389008
919	0.560000	0.490000	93.120000	13.140000	0.998400	6.382949	48.336613
920	0.550000	0.420000	92.550000	-1.580000	1.000000	6.330574	48.560549
921	0.550000	0.420000	93.650000	-5.680000	1.000000	6.335460	48.389880
922	0.520000	0.480000	88.160000	14.290000	0.999200	6.347571	48.256968
923	0.510000	0.440000	87.960000	5.460000	0.999200	6.325014	48.384871
924	0.510000	0.480000	88.610000	12.810000	1.000000	6.320680	48.521443
925	0.520000	0.460000	88.980000	7.580000	1.000000	6.222390	48.283257
926	0.520000	0.520000	87.800000	23.400000	1.000000	6.103160	47.998385
927	0.510000	0.490000	87.210000	16.140000	1.000000	6.151770	48.539653
928	0.500000	0.500000	85.620000	17.650000	0.999600	6.161987	48.410220
929	0.510000	0.460000	85.530000	13.780000	0.999600	6.137716	48.556679
930	0.530000	0.520000	86.440000	23.880000	0.999200	6.147747	48.294479
931	0.530000	0.480000	87.620000	14.780000	1.000000	6.206788	48.167389
932	0.530000	0.460000	87.040000	6.980000	0.999600	6.205200	48.310045
933	0.530000	0.430000	87.070000	4.500000	0.999600	6.223396	48.625508
934	0.530000	0.500000	87.900000	16.920000	0.998800	6.304076	48.503969
935	0.550000	0.520000	89.650000	24.250000	0.999200	6.323721	48.408035
936	0.560000	0.470000	91.430000	11.500000	0.999200	6.344954	48.838696
937	0.560000	0.460000	90.720000	7.860000	0.999600	6.306205	48.357232
938	0.540000	0.470000	88.420000	12.340000	0.999200	6.184882	48.364598
939	0.550000	0.460000	88.800000	8.220000	0.999200	6.219942	48.382270
940	0.550000	0.450000	90.200000	3.070000	0.999600	6.257980	48.342058
941	0.560000	0.480000	91.620000	9.710000	0.999600	6.245382	48.653549
942	0.560000	0.430000	91.840000	-3.110000	1.000000	6.261986	48.414958
943	0.560000	0.470000	90.880000	11.950000	1.000000	6.314760	48.750692
944	0.550000	0.470000	90.230000	12.810000	1.000000	6.299733	48.565146
945	0.550000	0.460000	90.130000	8.520000	0.999600	6.191274	48.411695
946	0.550000	0.490000	91.630000	15.310000	0.998800	6.254961	48.344212
947	0.550000	0.440000	92.750000	4.080000	0.999200	6.313676	48.715138
948	0.550000	0.450000	91.290000	6.330000	0.999600	6.301683	48.525622
949	0.530000	0.430000	88.680000	5.470000	0.999600	6.331045	48.431327
950	0.520000	0.430000	87.560000	6.530000	0.999200	6.337731	48.699035
951	0.530000	0.420000	89.400000	2.570000	1.000000	6.382292	48.712581
952	0.540000	0.530000	90.100000	23.150000	0.999200	6.276426	48.612490
953	0.540000	0.470000	90.790000	7.170000	0.999200	6.262569	48.302126
954	0.540000	0.530000	89.980000	22.060000	0.999600	6.297869	48.652098
955	0.550000	0.470000	92.410000	7.480000	0.999600	6.294780	48.163058
956	0.540000	0.430000	91.520000	-1.900000	0.999600	6.259615	48.558512
957	0.530000	0.390000	89.570000	-8.090000	0.999600	6.239065	48.566720
958	0.540000	0.440000	88.920000	6.100000	1.000000	6.261317	48.352446
959	0.530000	0.520000	87.990000	24.570000	0.999600	6.256027	48.495587
960	0.530000	0.530000	87.480000	22.790000	0.999600	6.279796	48.448027
961	0.510000	0.540000	84.070000	32.520000	0.999600	6.261337	48.716115
962	0.510000	0.540000	84.410000	30.470000	0.999200	6.225417	48.381495
963	0.530000	0.550000	86.390000	36.250000	1.000000	6.122832	48.572410
964	0.530000	0.440000	87.110000	8.980000	0.999600	6.202607	48.643583
965	0.530000	0.460000	88.280000	12.230000	0.999600	6.201792	48.830551
966	0.520000	0.440000	86.220000	8.650000	0.999600	6.230613	48.248793
967	0.540000	0.440000	86.860000	7.200000	0.999600	6.174341	48.287505
968	0.540000	0.420000	87.800000	4.160000	0.999600	6.230001	48.732603
969	0.540000	0.510000	88.750000	20.350000	0.999600	6.184631	48.432793
970	0.540000	0.470000	89.820000	14.200000	1.000000	6.147963	48.407942
971	0.540000	0.420000	88.040000	1.920000	1.000000	6.167647	48.442238
972	0.550000	0.470000	89.570000	10.090000	1.000000	6.217885	48.411863
973	0.550000	0.480000	91.190000	11.460000	1.000000	6.201743	48.232823
974	0.570000	0.440000	93.340000	1.480000	0.999600	6.279360	48.493684
975	0.570000	0.460000	93.920000	6.920000	0.999600	6.313145	48.367034
976	0.570000	0.410000	94.950000	-6.070000	1.000000	6.352887	48.380908
977	0.570000	0.450000	94.350000	5.210000	0.999600	6.353131	48.655621
978	0.580000	0.450000	94.170000	1.410000	0.998800	6.373429	48.624204
979	0.560000	0.470000	92.330000	10.410000	0.998400	6.396598	48.711328
980	0.560000	0.500000	92.460000	16.120000	0.999600	6.322340	48.656357
981	0.570000	0.380000	92.270000	-9.610000	0.998800	6.398088	48.496594
982	0.560000	0.410000	91.270000	-2.060000	1.000000	6.330218	48.647523
983	0.570000	0.430000	91.230000	0.590000	0.999200	6.321553	48.314572
984	0.580000	0.470000	93.920000	6.890000	0.999600	6.355578	48.555996
985	0.560000	0.500000	92.450000	15.450000	1.000000	6.313878	48.476942
986	0.560000	0.400000	93.240000	-7.640000	0.999600	6.278697	48.541543
987	0.560000	0.460000	92.920000	8.320000	0.999600	6.284480	48.743135
988	0.570000	0.450000	95.230000	2.160000	0.999600	6.263664	48.807005
989	0.570000	0.460000	96.320000	3.950000	1.000000	6.356602	48.558463
990	0.570000	0.460000	96.950000	-2.140000	0.999600	6.396607	48.623612
991	0.570000	0.480000	97.350000	3.960000	0.999600	6.366335	48.445228
992	0.570000	0.490000	96.410000	8.440000	0.999600	6.261589	48.629516
993	0.580000	0.460000	97.730000	1.800000	1.000000	6.317859	48.696205
994	0.580000	0.390000	98.590000	-15.940000	0.999600	6.405533	48.824026
995	0.570000	0.440000	96.190000	-0.730000	1.000000	6.392620	48.234196
996	0.560000	0.430000	96.090000	-0.680000	0.999600	6.388762	48.750807
997	0.540000	0.420000	92.250000	-0.060000	1.000000	6.344432	48.922643
998	0.530000	0.450000	90.780000	4.600000	0.999200	6.338462	48.489796
999	0.530000	0.430000	89.640000	5.300000	1.000000	6.375690	48.503253
