0.5	0.598184	0	0.174241
0.5	0.441875	0	0.191367
0.5	0.480338	0	0.199031
0.5	0.450557	0	0.193792
0.5	0.539739	0	0.196012
0.5	0.490136	0	0.199757
0.5	0.55959	0	0.190916
0.5	0.476463	0	0.19861
0.5	0.491588	0	0.199823
0.5	0.552927	0	0.19287
0.48252	0.5	0.800765	1
0.556734	0.5	0.808216	1
0.421485	0.5	0.816056	1
0.406594	0.5	0.823152	1
0.580171	0.5	0.816772	1
0.406468	0.5	0.823218	1
0.590118	0.5	0.821454	1
0.499625	0.5	0.8	1
0.550252	0.5	0.806416	1
0.417572	0.5	0.817776	1
0.488458	0.375112	0.359016	0.523796
0.634758	0.507283	0.849902	1.00401
0.902853	1.1024	0.0936701	0.107167
0.15175	0.351176	0.422705	0.437836
0.97556	1.14783	0.938531	1.04013
0.913774	0.982902	0.010561	0.198234
0.382627	0.483244	0.804497	0.977345
0.0359474	-0.10945	0.666915	0.804246
0.75595	0.911239	0.372897	0.498934
0.826798	0.930885	0.380212	0.550992
0.55561	0.369427	0.133159	0.206207
0.777519	0.78774	0.930035	1.12977
0.627213	0.519449	0.938361	1.10685
0.415025	0.541116	0.997483	1.15273
0.730763	0.726797	0.221016	0.420977
0.00363328	-0.183315	0.122503	0.193569
0.73643	0.675751	0.250543	0.441116
0.539476	0.677721	0.36051	0.505038
0.0566044	0.0920521	0.498362	0.695196
0.69336	0.548165	0.572679	0.710223
0.282034	0.2115	0.0402594	0.227409
0.288687	0.169976	0.394735	0.555694
0.743782	0.599256	0.957924	1.09617
0.53952	0.60994	0.402384	0.589576
0.604979	0.70471	0.145927	0.319287
0.486595	0.600251	0.0920536	0.256621
0.924898	0.938151	0.179578	0.379139
0.890161	1.06415	0.839095	0.937729
0.640121	0.448107	0.781612	0.837564
0.223835	0.215339	0.249017	0.448836
0.115448	0.313152	0.190235	0.220449
0.507611	0.523887	0.658092	0.857428
0.0577912	-0.141047	0.182057	0.203587
0.665647	0.774846	0.734317	0.901875
0.754806	0.56189	0.398012	0.45077
0.841816	0.644317	0.0704165	0.101949
0.680031	0.539148	0.761504	0.903462
0.477234	0.497972	0.195117	0.394039
0.600909	0.450747	0.698821	0.830925
0.56356	0.565597	0.560366	0.760355
0.527257	0.59331	0.469301	0.658079
0.148434	0.274564	0.882273	1.03749
0.678547	0.87784	0.0320487	0.0488493
0.588559	0.484341	0.75754	0.92824
0.41096	0.559733	0.927923	1.06159
0.813003	0.663721	0.818729	0.951826
0.00162877	-0.163419	0.726487	0.839443
0.979666	0.85165	0.587043	0.740704
0.248831	0.0511747	0.618004	0.648535
0.898762	1.09427	0.241562	0.283697
0.13972	-0.0212968	0.4341	0.552732
0.867949	0.872691	0.807756	1.0077
0.399911	0.461279	0.60256	0.792912
0.546829	0.668736	0.357091	0.515643
0.548822	0.349749	0.474396	0.493633
0.822728	0.77499	0.302238	0.496457
0.513568	0.431597	0.295709	0.47814
0.752397	0.624882	0.197349	0.351427
0.86922	0.752971	0.592336	0.755082
0.0634159	-0.134342	0.182154	0.212016
0.776373	0.726092	0.739336	0.932913
0.931609	0.848428	0.577559	0.759441
0.561274	0.408647	0.85763	0.986878
0.982548	0.791001	0.464354	0.521883
0.129754	-0.0471424	0.932373	1.02569
0.736123	0.829819	0.297543	0.474237
0.612809	0.580974	0.504623	0.702073
0.622098	0.425359	0.193798	0.229766
0.517036	0.385253	0.339377	0.48982
0.965796	0.783821	0.650353	0.733329
0.549187	0.696128	0.599787	0.735464
0.338296	0.536065	0.295632	0.325427
0.64125	0.741745	0.469186	0.642104
0.499195	0.684909	0.0804897	0.154721
0.772004	0.662769	0.0612459	0.22878
0.54275	0.573745	0.218013	0.415596
0.622172	0.46527	0.283378	0.407402
0.482729	0.488962	0.939322	1.13923
0.26457	0.1084	0.0170605	0.142004
0.515697	0.334715	0.959246	1.04437
0.144709	0.323821	0.964471	1.05346
0.136899	0.132516	0.363074	0.563026
0.673688	0.573479	0.675486	0.84857
0.472695	0.49657	0.613424	0.811994
0.863888	1.06153	0.931868	0.962514
0.61791	0.490128	0.539787	0.693643
0.762119	0.733302	0.620927	0.81884
0.25483	0.350881	0.814678	0.990104
0.490911	0.299446	0.952802	1.01061
0.761209	0.610238	0.814395	0.945573
0.425752	0.236533	0.326806	0.391582
0.539358	0.670966	0.854553	1.00515
0.702665	0.624458	0.111832	0.295907
0.923716	0.925334	0.433504	0.633497
0.677558	0.605979	0.994481	1.18123
0.694292	0.882489	0.392724	0.460412
0.384489	0.355994	0.79186	0.989819
0.992444	0.922945	0.54362	0.731156
0.86086	0.730853	0.0534203	0.205401
0.0527943	-0.0451912	0.669696	0.844049
0.533584	0.354151	0.268891	0.357231
0.494844	0.561097	0.0105182	0.199226
0.575693	0.68778	0.59865	0.76429
0.0387716	0.20565	0.932452	1.04269
0.324217	0.482519	0.598156	0.720388
0.786203	0.708986	0.753899	0.938392
0.46047	0.605855	0.267366	0.404709
0.068473	-0.130358	0.254399	0.275994
0.512928	0.606779	0.45738	0.633992
0.653189	0.788513	0.566292	0.713559
0.606205	0.416189	0.820707	0.883108
0.296667	0.315108	0.56773	0.766878
0.81165	0.899231	0.76944	0.949245
0.525772	0.460182	0.951999	1.14094
0.639022	0.490073	0.94026	1.07373
0.811068	0.765133	0.269342	0.463996
0.670201	0.869617	0.384343	0.399616
0.488664	0.337623	0.689912	0.821009
0.529715	0.598551	0.296831	0.484612
0.0357133	0.157009	0.970734	1.12975
0.844049	0.6773	0.969714	1.08015
0.578511	0.414841	0.45148	0.566424
0.644932	0.583671	0.853608	1.04399
0.60041	0.449958	0.0530267	0.1848
0.106813	-0.0666296	0.494483	0.59407
0.946074	0.746267	0.834269	0.843056
0.657368	0.792891	0.732694	0.879777
0.838564	0.864237	0.912311	1.11066
0.741716	0.701632	0.453993	0.649935
0.72613	0.62186	0.364644	0.535312
0.0764276	0.272688	0.748109	0.786603
0.0793503	0.0666815	0.240625	0.440223
0.616738	0.679868	0.46394	0.653715
0.593541	0.395506	0.210177	0.238138
0.634927	0.501194	0.413276	0.561989
0.175845	0.0030816	0.430769	0.53153
0.468223	0.391074	0.760446	0.944967
0.76793	0.753798	0.781073	0.980574
0.788114	0.603226	0.942814	1.01908
0.660142	0.52023	0.216349	0.359264
0.844354	0.943438	0.72636	0.900091
0.0849988	0.22034	0.539025	0.686276
0.564624	0.60229	0.126687	0.323108
0.406112	0.370911	0.612525	0.809403
0.542592	0.548015	0.741408	0.941335
0.772626	0.958304	0.359028	0.433348
0.6681	0.542289	0.700309	0.855782
0.860353	0.754591	0.84155	1.0113
0.370809	0.200623	0.837888	0.942943
0.141593	0.0905776	0.123876	0.31726
0.748796	0.623317	0.108379	0.264119
0.452998	0.503389	0.978351	1.1719
0.59564	0.633998	0.778422	0.974709
0.638397	0.736139	0.711053	0.885543
0.689151	0.667037	0.275363	0.474136
0.480616	0.594845	0.594096	0.758266
0.946852	0.949089	0.835156	1.03514
0.690931	0.635695	0.778917	0.971138
0.575573	0.376687	0.350269	0.371347
0.831807	0.650714	0.734206	0.819091
0.46002	0.562643	0.405913	0.577577
0.552392	0.69766	0.134739	0.272207
0.444201	0.400621	0.668314	0.863508
0.680784	0.53001	0.756735	0.888139
0.585749	0.494733	0.363498	0.541588
0.723073	0.540654	0.800414	0.88241
0.801392	0.988167	0.505274	0.576791
0.619178	0.759386	0.704391	0.847015
0.925609	0.755015	0.0115163	0.115909
0.541695	0.394914	0.943128	1.07898
0.498123	0.374802	0.242077	0.399532
0.55103	0.671224	0.646764	0.806618
0.637626	0.781946	0.326365	0.464827
0.553898	0.608778	0.941664	1.13399
0.394537	0.574272	0.894675	0.982398
0.211561	0.125106	0.112444	0.292792
0.561092	0.488979	0.957892	1.14444
0.0818559	-0.100744	0.783817	0.865409
0.428869	0.259868	0.648644	0.755597
0.153969	0.0308581	0.415933	0.573551
