0.5	0.598184	0	0.174241
0.5	0.441875	0	0.191367
0.5	0.480338	0	0.199031
0.5	0.450557	0	0.193792
0.5	0.539739	0	0.196012
0.5	0.490136	0	0.199757
0.5	0.55959	0	0.190916
0.5	0.476463	0	0.19861
0.5	0.491588	0	0.199823
0.5	0.552927	0	0.19287
0.48252	0.5	0.800765	1
0.556734	0.5	0.808216	1
0.421485	0.5	0.816056	1
0.406594	0.5	0.823152	1
0.580171	0.5	0.816772	1
0.406468	0.5	0.823218	1
0.590118	0.5	0.821454	1
0.499625	0.5	0.8	1
0.550252	0.5	0.806416	1
0.417572	0.5	0.817776	1
0.68924	0.888025	0.478111	0.500126
0.278794	0.078807	0.577005	0.579285
0.521466	0.459596	0.258653	0.448843
0.385939	0.318134	0.703127	0.891283
0.604351	0.695908	0.109094	0.286907
0.29536	0.258048	0.561977	0.758466
0.682717	0.519456	0.0218026	0.137326
0.0991491	-0.0128657	0.79646	0.962149
0.135123	0.0421295	0.690319	0.867385
0.0814843	-0.110818	0.188529	0.243483
0.175827	0.217437	0.877769	1.07339
0.140717	-0.0392415	0.156563	0.243826
0.144346	0.0839603	0.678029	0.868696
0.544233	0.355118	0.0639689	0.129048
0.934136	0.777889	0.66832	0.793168
0.585494	0.738213	0.96368	1.09282
0.025759	0.186959	0.646397	0.764781
0.221777	0.280484	0.745546	0.936736
0.53255	0.407575	0.88067	1.03681
0.878615	0.862096	0.962154	1.16147
0.967216	0.87723	0.137981	0.316594
0.533928	0.538961	0.278698	0.478635
0.677645	0.510843	0.423044	0.533395
0.080015	-0.0614019	0.967277	1.1087
0.185512	0.378965	0.901413	0.952167
0.400104	0.58652	0.486907	0.559356
0.176672	0.194497	0.512666	0.71187
0.975044	0.844655	0.734443	0.886096
0.569875	0.393011	0.266992	0.360369
0.855025	0.668334	0.145607	0.217346
0.328705	0.189413	0.112823	0.256343
0.680154	0.701136	0.646751	0.845647
0.188166	0.386301	0.324396	0.351643
0.374207	0.5685	0.404411	0.451847
0.624217	0.794807	0.589923	0.694321
0.542547	0.431222	0.990027	1.15618
0.424557	0.595007	0.166699	0.271326
0.952964	0.989949	0.141743	0.338293
0.226917	0.397837	0.711618	0.815475
0.381541	0.580757	0.566643	0.584336
0.498318	0.305345	0.895348	0.947897
0.753076	0.885987	0.575502	0.72495
0.286533	0.0895951	0.763667	0.798532
0.243033	0.218082	0.137874	0.336311
0.16681	-0.0307168	0.762091	0.793445
0.992	0.793588	0.304638	0.329789
0.304097	0.144855	0.729194	0.850198
0.12886	0.0372658	0.682158	0.859952
0.688065	0.49163	0.909076	0.946672
0.514262	0.591864	0.290616	0.474947
0.486066	0.499994	0.788934	0.988449
0.570693	0.380038	0.542011	0.60243
0.302072	0.483398	0.828544	0.912929
0.357846	0.557846	0.0715765	0.0720617
0.818031	0.964391	0.238387	0.374691
0.86814	0.672418	0.230387	0.271533
0.908275	1.06827	0.534484	0.654493
0.115109	0.100864	0.663344	0.862836
0.463686	0.393806	0.351408	0.538803
0.523881	0.629451	0.86567	1.03554
0.150719	0.129356	0.351736	0.550591
0.672904	0.472966	0.922429	0.927421
0.770591	0.944779	0.224501	0.322778
0.631945	0.823661	0.582347	0.639311
0.631173	0.45197	0.400378	0.489185
0.392491	0.317024	0.268518	0.453733
0.458448	0.650737	0.176793	0.231792
0.253598	0.300085	0.291902	0.486425
0.730907	0.925538	0.755589	0.80162
0.117292	0.275993	0.27947	0.401183
0.794293	0.61427	0.430189	0.517319
0.260228	0.0645005	0.103092	0.14421
0.268174	0.145797	0.873683	1.03187
0.104664	0.288896	0.505628	0.583464
0.0127303	-0.118047	0.136801	0.288119
0.159183	0.185281	0.529292	0.727582
0.536023	0.662755	0.987739	1.14246
0.447347	0.247453	0.241338	0.24784
0.0220154	0.170338	0.972245	1.10641
0.948092	0.750124	0.0895373	0.117972
0.739838	0.724521	0.88383	1.08324
0.88332	0.932261	0.144058	0.337978
0.949231	0.919418	0.412233	0.609998
0.239643	0.437904	0.516897	0.543209
0.112401	-0.0787942	0.529627	0.588316
0.385537	0.461547	0.68881	0.873804
0.927192	0.996022	0.224834	0.412617
0.645639	0.824736	0.672181	0.761199
0.655989	0.826654	0.694196	0.798473
0.421928	0.614832	0.642288	0.695091
0.467337	0.62869	0.382127	0.500301
0.942935	1.13972	0.265447	0.301168
0.521624	0.433679	0.214678	0.394305
0.973998	1.15804	0.454321	0.532612
0.931999	0.871152	0.566722	0.757241
0.0268005	-0.165186	0.952259	1.0083
0.650894	0.541217	0.879451	1.0467
0.262727	0.462571	0.525091	0.53299
0.115898	0.223921	0.18108	0.349398
0.941313	0.83623	0.603008	0.773177
0.856267	0.97687	0.070345	0.229891
0.65505	0.854248	0.0132795	0.0311738
0.597892	0.431132	0.534904	0.645317
0.952967	1.0384	0.508902	0.689738
0.824939	0.665837	0.4409	0.562089
0.226537	0.0511139	0.467701	0.563756
0.316947	0.11844	0.118595	0.142985
0.63219	0.672135	0.381322	0.577292
0.619614	0.758834	0.497219	0.640807
0.301234	0.209369	0.438533	0.616187
0.625142	0.574454	0.294799	0.48827
0.331177	0.288602	0.94985	1.14527
0.302659	0.501561	0.547742	0.568676
0.48882	0.473455	0.500709	0.700118
0.129302	0.322447	0.325647	0.377559
0.336505	0.265296	0.552185	0.739078
0.495969	0.497677	0.869131	1.06912
0.534883	0.721758	0.501321	0.57258
0.098888	0.0259997	0.120935	0.30718
0.843973	1.01277	0.422168	0.529444
0.192065	0.00488618	0.0473106	0.117766
0.610503	0.414588	0.378488	0.418702
0.0422202	0.111257	0.681147	0.868854
0.00884117	-0.178712	0.169967	0.239422
0.484364	0.445986	0.299269	0.495552
0.400787	0.600702	0.635774	0.641602
0.784911	0.965837	0.131743	0.216981
0.287629	0.203143	0.666626	0.847904
0.17167	0.160436	0.765514	0.965198
0.55293	0.743955	0.609486	0.668727
0.372722	0.570414	0.801552	0.831852
0.487314	0.385548	0.412055	0.584228
0.551756	0.35188	0.454275	0.461326
0.163939	-0.0045239	0.463116	0.570913
0.276831	0.264562	0.94748	1.1471
0.71537	0.528557	0.348267	0.419687
0.706094	0.563777	0.133177	0.273697
0.565949	0.758794	0.420806	0.473822
0.927125	1.03435	0.592476	0.761303
0.409236	0.286457	0.145406	0.303284
0.313515	0.12166	0.518128	0.574623
0.265104	0.267121	0.00544239	0.205432
0.595182	0.793401	0.557198	0.583832
0.606407	0.557035	0.721137	0.914948
0.787599	0.707064	0.997969	1.18104
0.268059	0.393768	0.713339	0.868894
0.384294	0.56236	0.419433	0.510497
0.632271	0.500165	0.985381	1.13554
0.546874	0.728584	0.912506	0.996062
0.226991	0.0270571	0.321742	0.326902
0.516593	0.533126	0.635256	0.834572
0.607748	0.627686	0.900361	1.09936
0.110958	-0.0812781	0.495543	0.550727
0.0684429	0.233901	0.10195	0.214304
0.489044	0.653782	0.889549	1.00296
0.857125	0.870579	0.157608	0.357155
0.573473	0.770031	0.541902	0.578848
0.422998	0.617653	0.174174	0.220104
0.69333	0.868211	0.721048	0.818087
0.556138	0.381025	0.948038	1.04466
0.564352	0.72457	0.464632	0.584341
0.0906939	0.206263	0.07238	0.235609
0.622478	0.457647	0.183338	0.296611
0.711461	0.590675	0.251781	0.411188
0.521581	0.353784	0.740825	0.849656
0.32967	0.233737	0.59795	0.77344
0.851098	1.03766	0.171423	0.243492
0.791958	0.595138	0.594422	0.629942
0.7182	0.871451	0.287752	0.416259
0.556948	0.687276	0.843889	0.995595
0.717438	0.552216	0.408241	0.520944
0.513184	0.377623	0.498935	0.645983
0.209291	0.175691	0.121413	0.318571
0.400941	0.517505	0.832874	0.995395
0.694541	0.656371	0.354456	0.550779
0.87769	0.679027	0.684126	0.707212
0.218447	0.0597443	0.535224	0.656934
0.101107	0.263891	0.327182	0.443377
0.157941	-0.034044	0.0453817	0.101434
0.935822	1.13158	0.60233	0.643311
