0.5	0.598184	0	0.174241
0.5	0.441875	0	0.191367
0.5	0.480338	0	0.199031
0.5	0.450557	0	0.193792
0.5	0.539739	0	0.196012
0.5	0.490136	0	0.199757
0.5	0.55959	0	0.190916
0.5	0.476463	0	0.19861
0.5	0.491588	0	0.199823
0.5	0.552927	0	0.19287
0.48252	0.5	0.800765	1
0.556734	0.5	0.808216	1
0.421485	0.5	0.816056	1
0.406594	0.5	0.823152	1
0.580171	0.5	0.816772	1
0.406468	0.5	0.823218	1
0.590118	0.5	0.821454	1
0.499625	0.5	0.8	1
0.550252	0.5	0.806416	1
0.417572	0.5	0.817776	1
0.483608	0.489925	0.291379	0.491279
0.0247918	-0.17097	0.862727	0.90368
0.435458	0.281778	0.542353	0.670347
0.293163	0.435543	0.925268	1.06572
0.277711	0.137841	0.765761	0.908717
0.532656	0.421333	0.621916	0.78807
0.50126	0.409863	0.245743	0.423638
0.808821	0.801114	0.759741	0.959593
0.161086	-0.0293771	0.296248	0.357271
0.904739	1.07411	0.176867	0.283225
0.950297	0.881452	0.538634	0.726411
0.401544	0.447735	0.386679	0.581272
0.627213	0.519449	0.938361	1.10685
0.849414	0.736043	0.271919	0.436683
0.664791	0.761807	0.37623	0.551123
0.891131	0.731746	0.0768702	0.197686
0.805284	0.649422	0.176488	0.301816
0.539476	0.677721	0.36051	0.505038
0.703376	0.743611	0.282251	0.478162
0.358392	0.363522	0.819249	1.01918
0.477614	0.537994	0.894067	1.08473
0.417862	0.550549	0.61994	0.769588
0.811156	0.657934	0.877314	1.00586
0.669797	0.586515	0.888667	1.0705
0.259234	0.291199	0.653776	0.851205
0.843962	1.00432	0.828802	0.948321
0.505748	0.657053	0.00189735	0.132691
0.393193	0.399487	0.596278	0.796179
0.331356	0.400891	0.701057	0.88858
0.798816	0.694967	0.7001	0.871025
0.738425	0.588611	0.516283	0.648781
0.415332	0.328442	0.707571	0.88771
0.4701	0.270258	0.320519	0.328454
0.177024	0.342851	0.640381	0.752191
0.797235	0.682557	0.0976809	0.261538
0.264107	0.171548	0.951801	1.12909
0.467939	0.518769	0.349121	0.542554
0.449107	0.599422	0.705381	0.83731
0.494395	0.61918	0.617217	0.773515
0.901534	0.855797	0.731072	0.925772
0.557191	0.496719	0.12856	0.319199
0.408604	0.327666	0.60347	0.78636
0.724829	0.879481	0.251517	0.378336
0.588559	0.484341	0.75754	0.92824
0.593605	0.791497	0.270655	0.299612
0.65981	0.595024	0.137052	0.326269
0.283548	0.483546	0.223199	0.224074
0.74029	0.768075	0.298859	0.496919
0.541431	0.507395	0.537828	0.734911
0.913107	0.787317	0.330852	0.486341
0.822301	0.963286	0.951125	1.09298
0.730243	0.909816	0.899018	0.987072
0.399911	0.461279	0.60256	0.792912
0.70496	0.776786	0.854993	1.04165
0.700662	0.874446	0.5228	0.621791
0.426458	0.414243	0.38111	0.580736
0.728531	0.672481	0.937777	1.12976
0.509154	0.396286	0.839226	1.00433
0.408625	0.603105	0.99254	1.0392
0.714067	0.667713	0.352685	0.54724
0.521616	0.665276	0.377042	0.516188
0.383293	0.570185	0.996712	1.06793
0.783639	0.829009	0.284459	0.479245
0.41302	0.232247	0.658555	0.744117
0.92921	0.810892	0.0944665	0.255714
0.64254	0.787603	0.381488	0.519171
0.404292	0.25672	0.444195	0.579186
0.994361	0.851111	0.740426	0.879995
0.953119	1.03494	0.724312	0.906811
0.55292	0.57889	0.149455	0.347761
0.578549	0.710546	0.913026	1.06328
0.595843	0.473133	0.511257	0.669188
0.060645	-0.126773	0.782469	0.852286
0.782471	0.678609	0.840001	1.01092
0.536153	0.423886	0.338364	0.503882
0.761748	0.917291	0.271011	0.396734
0.752026	0.951766	0.65164	0.661846
0.946539	1.1456	0.200704	0.220094
0.812634	0.722837	0.717982	0.89669
0.358058	0.381376	0.332604	0.53124
0.425178	0.550737	0.776172	0.931847
0.0861947	0.284498	0.96117	0.987166
0.517048	0.65911	0.0663116	0.20709
0.421928	0.327105	0.372658	0.548751
0.646612	0.72838	0.226753	0.409274
0.102289	0.281447	0.5225	0.611395
0.676771	0.802117	0.657316	0.813163
0.520154	0.385731	0.914863	1.06295
0.843265	0.757283	0.771081	0.951655
0.555866	0.516546	0.62481	0.820907
0.742748	0.608207	0.490303	0.638285
0.439791	0.517944	0.37077	0.554867
0.263382	0.349007	0.770077	0.950821
0.814054	0.775853	0.509506	0.705824
0.507529	0.387061	0.354153	0.513801
0.231969	0.260327	0.76418	0.962159
0.384489	0.355994	0.79186	0.989819
0.559884	0.68438	0.140022	0.296548
0.400637	0.574889	0.922062	1.02023
0.937294	1.1155	0.129665	0.220451
0.474265	0.660162	0.715063	0.788833
0.494844	0.561097	0.0105182	0.199226
0.401444	0.600822	0.598327	0.61408
0.747082	0.758755	0.497573	0.697232
0.502533	0.388056	0.453755	0.617752
0.716507	0.801357	0.401392	0.5825
0.562639	0.660536	0.728469	0.902871
0.941097	0.80297	0.468022	0.612663
0.605577	0.512934	0.923631	1.10088
0.653189	0.788513	0.566292	0.713559
0.433796	0.235214	0.367927	0.391704
0.354511	0.308042	0.205918	0.400445
0.45444	0.292366	0.585721	0.702905
0.659785	0.596533	0.0793568	0.269091
0.329127	0.31637	0.0758335	0.275426
0.335507	0.219095	0.521089	0.683718
0.55794	0.689452	0.0157016	0.166382
0.388481	0.507677	0.472851	0.633451
0.385835	0.43252	0.16012	0.354595
0.717923	0.870833	0.332326	0.461239
0.323959	0.483429	0.534938	0.655641
0.417034	0.552018	0.337009	0.484588
0.612903	0.616404	0.715164	0.915133
0.60041	0.449958	0.0530267	0.1848
0.309205	0.458422	0.4416	0.57477
0.456545	0.409456	0.228413	0.42279
0.902757	0.754183	0.596203	0.730089
0.656871	0.75897	0.596059	0.768035
0.556704	0.68819	0.1589	0.309603
0.72613	0.62186	0.364644	0.535312
0.520551	0.501561	0.918305	1.1174
0.828671	0.95402	0.34707	0.502915
0.854039	0.983512	0.535413	0.687848
0.60119	0.501285	0.393178	0.566437
0.280019	0.238138	0.941437	1.137
0.538478	0.401904	0.382004	0.528112
0.477988	0.327825	0.0991645	0.231266
0.76793	0.753798	0.781073	0.980574
0.141617	0.165075	0.0763082	0.274928
0.60977	0.609653	0.723256	0.923256
0.324359	0.238581	0.44538	0.626051
0.742779	0.594401	0.15051	0.284614
0.748637	0.548855	0.84812	0.857457
0.641294	0.766772	0.191905	0.347646
0.551743	0.588969	0.738531	0.935036
0.566699	0.690869	0.292232	0.449017
0.423694	0.560834	0.00507796	0.150655
0.699357	0.820129	0.37411	0.533528
0.828774	0.960411	0.627085	0.777657
0.39305	0.3664	0.604757	0.802973
0.696414	0.742773	0.372425	0.566978
0.522712	0.626578	0.864482	1.0354
0.437097	0.494758	0.12799	0.319497
0.751129	0.751334	0.428182	0.628182
0.194987	0.392238	0.464982	0.498023
0.34114	0.156715	0.143982	0.22136
0.48682	0.306998	0.102106	0.189649
0.670385	0.750599	0.34896	0.53217
0.962263	0.982448	0.536919	0.735898
0.928138	0.90193	0.110361	0.308636
0.592697	0.713493	0.245101	0.404501
0.275372	0.470067	0.990673	1.03643
0.727049	0.685515	0.18154	0.377179
0.386425	0.497781	0.953071	1.1192
0.585749	0.494733	0.363498	0.541588
0.562181	0.429013	0.150924	0.300143
0.55635	0.434115	0.377713	0.536012
0.427823	0.543683	0.240884	0.403907
0.187343	0.0445981	0.469458	0.609544
0.470878	0.533104	0.720519	0.910593
0.691279	0.616238	0.157342	0.34273
0.34484	0.353437	0.322139	0.521954
0.692307	0.834107	0.598148	0.73919
0.675827	0.755763	0.175778	0.359109
0.0634991	0.0567508	0.272668	0.472555
0.528254	0.609902	0.076666	0.259241
0.660531	0.71939	0.592593	0.783736
0.52301	0.569703	0.25097	0.445443
0.690891	0.707734	0.0973933	0.296683
0.429711	0.616118	0.905295	0.977769
