0	0.110000	7.770000	226.410000
1	0.150000	12.710000	222.440000
2	0.200000	18.530000	216.460000
3	0.220000	22.780000	210.730000
4	0.260000	28.460000	206.050000
5	0.290000	33.770000	197.520000
6	0.330000	39.980000	194.690000
7	0.350000	46.300000	183.160000
8	0.350000	50.460000	179.300000
9	0.360000	53.860000	171.000000
10	0.370000	57.050000	175.200000
11	0.360000	56.100000	179.220000
12	0.390000	59.360000	172.010000
13	0.440000	65.230000	165.410000
14	0.460000	69.580000	160.940000
15	0.470000	73.480000	157.280000
16	0.510000	77.850000	155.780000
17	0.490000	78.630000	153.580000
18	0.530000	82.050000	150.970000
19	0.570000	87.020000	143.090000
20	0.590000	91.690000	136.800000
21	0.590000	93.880000	138.380000
22	0.580000	94.800000	136.670000
23	0.640000	100.620000	130.290000
24	0.660000	105.690000	122.040000
25	0.660000	105.960000	126.140000
26	0.670000	110.050000	120.310000
27	0.690000	111.990000	118.890000
28	0.700000	115.130000	115.910000
29	0.720000	118.220000	115.850000
30	0.720000	120.200000	113.040000
31	0.700000	117.300000	112.950000
32	0.700000	116.470000	116.140000
33	0.720000	118.960000	115.510000
34	0.740000	123.660000	109.740000
35	0.720000	122.640000	108.700000
36	0.730000	125.640000	106.840000
37	0.730000	126.260000	106.280000
38	0.780000	131.310000	99.570000
39	0.770000	130.720000	101.450000
40	0.770000	131.150000	101.950000
41	0.790000	133.760000	98.700000
42	0.800000	135.190000	95.630000
43	0.790000	136.120000	96.570000
44	0.780000	132.040000	100.620000
45	0.800000	135.200000	97.740000
46	0.790000	133.160000	100.460000
47	0.810000	137.390000	91.270000
48	0.840000	141.670000	87.270000
49	0.840000	143.250000	86.830000
50	0.830000	143.750000	89.600000
51	0.850000	145.600000	87.040000
52	0.830000	143.140000	90.220000
53	0.820000	142.000000	88.790000
54	0.820000	141.670000	90.020000
55	0.810000	139.640000	93.660000
56	0.790000	135.470000	98.130000
57	0.810000	139.130000	94.130000
58	0.800000	138.470000	93.220000
59	0.800000	137.570000	93.210000
60	0.780000	133.350000	97.190000
61	0.790000	136.040000	96.410000
62	0.800000	136.050000	97.920000
63	0.810000	134.570000	98.280000
64	0.810000	136.930000	96.110000
65	0.800000	134.750000	97.260000
66	0.800000	134.330000	96.410000
67	0.830000	137.480000	93.150000
68	0.810000	135.370000	95.630000
69	0.800000	135.470000	97.320000
70	0.800000	135.560000	96.630000
71	0.800000	136.080000	91.820000
72	0.810000	138.850000	94.450000
73	0.850000	142.450000	91.280000
74	0.850000	143.980000	90.200000
75	0.840000	143.080000	90.040000
76	0.820000	141.790000	91.160000
77	0.790000	136.830000	92.920000
78	0.790000	137.630000	95.460000
79	0.790000	137.430000	95.260000
80	0.790000	136.220000	96.840000
81	0.800000	138.600000	94.970000
82	0.780000	134.050000	98.090000
83	0.820000	140.920000	90.410000
84	0.820000	141.700000	91.750000
85	0.820000	141.710000	91.540000
86	0.830000	143.920000	89.510000
87	0.820000	142.000000	91.200000
88	0.830000	141.910000	91.440000
89	0.870000	145.970000	88.360000
90	0.870000	147.040000	83.650000
91	0.860000	146.980000	85.790000
92	0.850000	145.190000	86.690000
93	0.860000	148.860000	85.130000
94	0.850000	147.740000	85.530000
95	0.860000	150.690000	83.650000
96	0.840000	146.690000	87.770000
97	0.820000	142.980000	91.450000
98	0.850000	147.270000	86.980000
99	0.840000	145.300000	85.490000
