0	0.000000	0.000000	9.800000	0.859000	1.741970
1	0.000000	0.000000	8.500000	0.851000	1.754297
2	0.000000	0.000000	11.600000	0.854000	1.800639
3	0.000000	0.000000	7.900000	0.859000	1.791134
4	0.000000	0.000000	6.800000	0.862000	1.745068
5	0.000000	0.000000	7.500000	0.851000	1.759257
6	0.000000	0.000000	7.200000	0.847000	1.806777
7	0.000000	0.000000	9.100000	0.833000	1.835943
8	0.000000	0.000000	10.600000	0.855000	1.799132
9	0.000000	0.000000	8.800000	0.860000	1.739847
10	0.000000	0.000000	9.900000	0.868000	1.713159
11	0.000000	0.000000	9.900000	0.855000	1.723659
12	0.000000	0.000000	11.200000	0.868000	1.714855
13	0.000000	0.000000	10.100000	0.852000	1.777423
14	0.000000	0.000000	10.000000	0.873000	1.733057
15	0.000000	0.000000	10.500000	0.855000	1.732392
16	0.000000	0.000000	10.500000	0.857000	1.673269
17	0.000000	0.000000	11.000000	0.859000	1.725039
18	0.000000	0.000000	10.800000	0.858000	1.753739
19	0.000000	0.000000	9.800000	0.848000	1.799237
20	0.000000	0.000000	8.800000	0.851000	1.752922
21	0.000000	0.000000	11.200000	0.844000	1.762359
22	0.000000	0.000000	11.500000	0.859000	1.759899
23	0.000000	0.000000	10.100000	0.853000	1.764902
24	0.000000	0.000000	9.100000	0.848000	1.808829
25	0.000000	0.000000	11.000000	0.858000	1.751425
26	0.000000	0.000000	12.100000	0.852000	1.743241
27	0.000000	0.000000	12.800000	0.851000	1.780185
28	0.000000	0.000000	12.100000	0.841000	1.757183
29	0.000000	0.000000	11.300000	0.856000	1.740962
30	0.000000	0.000000	9.900000	0.861000	1.787816
31	0.000000	0.000000	10.500000	0.867000	1.777445
32	0.000000	0.000000	8.300000	0.862000	1.769424
33	0.000000	0.000000	10.000000	0.845000	1.792152
34	0.000000	0.000000	8.000000	0.863000	1.787124
35	0.000000	0.000000	9.000000	0.856000	1.770211
36	0.000000	0.000000	8.800000	0.863000	1.735653
37	0.000000	0.000000	10.300000	0.849000	1.768102
38	0.000000	0.000000	9.600000	0.833000	1.823534
39	0.000000	0.000000	9.700000	0.844000	1.827418
40	0.000000	0.000000	9.400000	0.846000	1.770872
41	0.000000	0.000000	10.700000	0.864000	1.701876
42	0.000000	0.000000	10.700000	0.842000	1.788303
43	0.000000	0.000000	9.600000	0.834000	1.827751
44	0.000000	0.000000	10.600000	0.862000	1.801447
45	0.000000	0.000000	10.300000	0.869000	1.760900
46	0.100000	4.400000	5.200000	0.863000	1.752020
47	0.100000	6.000000	4.200000	0.873000	1.699388
48	0.100000	7.400000	1.600000	0.869000	1.740865
49	0.100000	8.400000	1.300000	0.866000	1.762872
50	0.100000	10.300000	0.100000	0.866000	1.716332
51	0.100000	12.700000	-3.700000	0.848000	1.749663
52	0.100000	13.000000	-3.100000	0.854000	1.784570
53	0.100000	13.600000	-4.700000	0.854000	1.773589
54	0.100000	14.500000	-4.300000	0.849000	1.765259
55	0.100000	14.600000	-3.300000	0.853000	1.776469
56	0.100000	16.200000	-5.500000	0.843000	1.757894
57	0.100000	16.800000	-5.100000	0.840000	1.773318
58	0.100000	17.300000	-7.900000	0.841000	1.746058
59	0.100000	17.600000	-8.600000	0.851000	1.793605
60	0.100000	18.300000	-6.900000	0.847000	1.782350
61	0.100000	19.400000	-9.100000	0.854000	1.786740
62	0.100000	19.600000	-10.900000	0.857000	1.779862
63	0.100000	19.700000	-12.300000	0.849000	1.737583
64	0.100000	19.600000	-11.100000	0.835000	1.757496
65	0.100000	19.500000	-11.000000	0.841000	1.796444
66	0.100000	20.200000	-11.900000	0.832000	1.803213
67	0.100000	20.800000	-11.600000	0.839000	1.803662
68	0.100000	20.700000	-12.600000	0.841000	1.770948
69	0.100000	19.900000	-12.700000	0.847000	1.792333
70	0.100000	20.800000	-13.600000	0.841000	1.818197
71	0.100000	20.300000	-13.800000	0.825000	1.835363
72	0.200000	23.700000	-15.500000	0.832000	1.840440
73	0.200000	23.800000	-16.300000	0.844000	1.829177
74	0.200000	25.100000	-17.400000	0.854000	1.808228
75	0.200000	26.200000	-19.800000	0.858000	1.777265
76	0.300000	33.300000	-26.000000	0.849000	1.761091
77	0.300000	34.800000	-26.200000	0.842000	1.783140
78	0.200000	17.000000	-8.500000	0.832000	1.817911
79	0.300000	29.400000	-20.100000	0.850000	1.801132
80	0.400000	36.600000	-29.200000	0.858000	1.823778
81	0.400000	40.900000	-33.400000	0.858000	1.833132
82	0.400000	44.400000	-37.600000	0.838000	1.865028
83	0.400000	47.900000	-39.700000	0.836000	1.865861
84	0.400000	50.800000	-42.400000	0.819000	1.937809
85	0.400000	54.100000	-45.900000	0.820000	1.874840
86	0.400000	58.200000	-52.000000	0.818000	1.915205
87	0.500000	65.600000	-58.400000	0.804000	1.970523
88	0.500000	65.300000	-57.500000	0.812000	1.952461
89	0.500000	68.400000	-61.100000	0.799000	1.972896
90	0.500000	71.200000	-64.100000	0.815000	2.013779
91	0.500000	73.500000	-66.200000	0.804000	2.059877
92	0.500000	73.400000	-66.700000	0.797000	2.022081
93	0.500000	76.600000	-70.200000	0.796000	2.051530
94	0.500000	77.800000	-71.400000	0.791000	2.120013
95	0.500000	80.100000	-74.200000	0.821000	2.034597
96	0.500000	80.400000	-75.400000	0.803000	2.059252
97	0.500000	82.400000	-78.500000	0.778000	2.111918
98	0.500000	82.800000	-77.500000	0.795000	2.080835
99	0.500000	83.600000	-78.800000	0.801000	2.084256
100	0.500000	85.900000	-80.600000	0.809000	2.094482
101	0.500000	87.400000	-82.000000	0.792000	2.101097
102	0.500000	88.300000	-83.700000	0.787000	2.176597
103	0.500000	89.500000	-84.400000	0.805000	2.108161
104	0.500000	89.700000	-84.200000	0.793000	2.131241
105	0.500000	90.300000	-85.000000	0.789000	2.165753
106	0.500000	91.100000	-85.600000	0.781000	2.166664
107	0.500000	92.200000	-86.400000	0.780000	2.148558
108	0.500000	91.100000	-86.200000	0.790000	2.147396
109	0.500000	90.200000	-83.600000	0.792000	2.124265
110	0.500000	92.000000	-85.700000	0.785000	2.103246
111	0.500000	93.000000	-87.900000	0.777000	2.140516
112	0.500000	94.000000	-88.200000	0.779000	2.124242
113	0.500000	95.200000	-88.200000	0.778000	2.152428
114	0.500000	94.400000	-87.900000	0.782000	2.120369
115	0.500000	94.800000	-86.800000	0.781000	2.133894
116	0.500000	94.600000	-87.500000	0.792000	2.100334
117	0.500000	95.800000	-88.900000	0.786000	2.061298
118	0.500000	94.800000	-88.700000	0.783000	2.090679
119	0.500000	95.900000	-90.200000	0.794000	2.095870
120	0.600000	99.400000	-94.200000	0.776000	2.139534
121	0.600000	101.200000	-96.400000	0.762000	2.189408
122	0.600000	101.700000	-94.700000	0.770000	2.159369
123	0.600000	101.500000	-94.600000	0.769000	2.166527
124	0.600000	104.000000	-98.400000	0.785000	2.169474
125	0.600000	103.700000	-99.200000	0.775000	2.164697
126	0.700000	104.800000	-101.600000	0.767000	2.156390
127	0.700000	110.000000	-104.900000	0.785000	2.150556
128	0.700000	110.300000	-104.500000	0.768000	2.186949
129	0.700000	111.500000	-105.000000	0.759000	2.204666
130	0.700000	113.400000	-106.500000	0.759000	2.220924
131	0.700000	112.600000	-108.000000	0.768000	2.163159
132	0.700000	115.600000	-111.200000	0.777000	2.159526
133	0.700000	117.300000	-113.600000	0.770000	2.171534
134	0.700000	119.700000	-114.600000	0.763000	2.224834
135	0.700000	122.300000	-117.500000	0.772000	2.191081
136	0.700000	122.100000	-117.400000	0.771000	2.226049
137	0.700000	122.400000	-117.500000	0.761000	2.228023
138	0.700000	123.600000	-119.400000	0.751000	2.235180
139	0.700000	126.800000	-122.800000	0.753000	2.237245
140	0.700000	127.200000	-123.900000	0.751000	2.249844
141	0.700000	128.300000	-124.800000	0.754000	2.206785
142	0.700000	130.000000	-127.100000	0.765000	2.201618
143	0.700000	129.500000	-125.600000	0.770000	2.202190
144	0.700000	124.700000	-120.700000	0.762000	2.209942
145	0.700000	126.100000	-121.300000	0.754000	2.251148
146	0.700000	127.600000	-122.900000	0.769000	2.269889
147	0.700000	130.100000	-125.900000	0.761000	2.219384
148	0.700000	131.300000	-127.500000	0.762000	2.215690
149	0.700000	132.100000	-127.900000	0.767000	2.193405
150	0.700000	128.700000	-125.100000	0.771000	2.200212
151	0.700000	132.500000	-129.100000	0.776000	2.166394
152	0.700000	131.900000	-128.400000	0.782000	2.176641
153	0.700000	132.100000	-127.900000	0.783000	2.194068
154	0.700000	129.600000	-126.200000	0.771000	2.231373
155	0.700000	131.000000	-126.800000	0.771000	2.220492
156	0.700000	128.400000	-125.700000	0.755000	2.265951
157	0.700000	130.200000	-126.300000	0.771000	2.261776
158	0.700000	130.000000	-127.000000	0.770000	2.269805
159	0.700000	133.300000	-130.300000	0.771000	2.246204
160	0.700000	133.500000	-129.400000	0.765000	2.238542
161	0.700000	132.400000	-126.900000	0.772000	2.211891
162	0.700000	132.800000	-126.900000	0.770000	2.222391
163	0.700000	132.700000	-126.200000	0.770000	2.212300
164	0.700000	128.300000	-123.200000	0.766000	2.221927
165	0.700000	129.600000	-124.100000	0.780000	2.169834
166	0.700000	130.600000	-124.800000	0.777000	2.151651
167	0.700000	131.900000	-127.500000	0.769000	2.151289
168	0.700000	133.600000	-129.700000	0.766000	2.201774
169	0.700000	131.300000	-128.000000	0.780000	2.153725
170	0.700000	131.900000	-128.400000	0.771000	2.159368
171	0.700000	133.600000	-130.100000	0.763000	2.192127
172	0.700000	134.000000	-129.700000	0.786000	2.136485
173	0.700000	134.900000	-130.600000	0.770000	2.171748
174	0.700000	132.900000	-128.500000	0.768000	2.175137
175	0.700000	132.700000	-129.000000	0.771000	2.142675
176	0.700000	127.900000	-123.000000	0.779000	2.129218
177	0.700000	127.800000	-122.700000	0.777000	2.135814
178	0.700000	130.200000	-125.900000	0.780000	2.175870
179	0.700000	131.200000	-127.700000	0.777000	2.166975
180	0.700000	130.800000	-126.700000	0.776000	2.141830
181	0.700000	132.600000	-127.400000	0.788000	2.082279
182	0.700000	128.300000	-124.800000	0.790000	2.118418
183	0.700000	127.300000	-123.700000	0.770000	2.178117
184	0.700000	130.300000	-126.500000	0.770000	2.173501
185	0.700000	133.400000	-130.200000	0.766000	2.164597
186	0.700000	133.500000	-130.300000	0.772000	2.150096
187	0.700000	133.400000	-131.000000	0.772000	2.175853
188	0.700000	133.400000	-129.900000	0.772000	2.173915
189	0.700000	134.600000	-131.500000	0.782000	2.171605
190	0.700000	134.500000	-132.900000	0.763000	2.189963
191	0.700000	134.100000	-130.200000	0.781000	2.154327
192	0.700000	134.000000	-130.800000	0.772000	2.185787
193	0.700000	133.500000	-129.300000	0.769000	2.172233
194	0.700000	134.000000	-130.500000	0.777000	2.168115
195	0.700000	134.300000	-131.400000	0.777000	2.169848
196	0.700000	132.900000	-129.600000	0.775000	2.145828
197	0.700000	134.700000	-129.200000	0.783000	2.113845
198	0.700000	135.500000	-129.800000	0.778000	2.126723
199	0.700000	133.900000	-129.100000	0.785000	2.119112
200	0.700000	133.700000	-127.900000	0.781000	2.114655
201	0.700000	131.500000	-126.700000	0.771000	2.112850
202	0.700000	129.900000	-124.800000	0.763000	2.138328
203	0.700000	129.300000	-124.600000	0.770000	2.137149
204	0.700000	130.000000	-125.900000	0.781000	2.129382
205	0.700000	126.900000	-122.600000	0.784000	2.122415
206	0.700000	130.000000	-125.100000	0.783000	2.103767
207	0.700000	133.500000	-128.300000	0.775000	2.139454
208	0.700000	135.500000	-130.800000	0.785000	2.112770
209	0.700000	135.500000	-132.100000	0.795000	2.084945
210	0.600000	116.800000	-112.200000	0.782000	2.081530
211	0.600000	116.800000	-112.400000	0.785000	2.056029
212	0.600000	115.300000	-111.400000	0.776000	2.059686
213	0.600000	113.000000	-107.900000	0.788000	2.074467
214	0.500000	96.100000	-91.200000	0.786000	2.069815
215	0.600000	107.000000	-101.900000	0.812000	1.963070
216	0.500000	96.400000	-92.000000	0.802000	1.973117
217	0.600000	104.800000	-99.300000	0.806000	1.964249
218	0.600000	103.200000	-95.900000	0.815000	1.972079
219	0.600000	107.700000	-102.200000	0.819000	1.988759
220	0.600000	109.300000	-103.700000	0.818000	1.994411
221	0.700000	112.900000	-108.500000	0.809000	1.966655
222	0.700000	115.100000	-109.800000	0.805000	1.965854
223	0.700000	116.300000	-111.400000	0.799000	1.991280
224	0.700000	118.400000	-114.700000	0.798000	2.032017
225	0.700000	121.000000	-116.900000	0.781000	2.063832
226	0.700000	119.600000	-114.600000	0.782000	2.086961
227	0.700000	121.600000	-117.700000	0.780000	2.084231
228	0.700000	123.300000	-120.300000	0.772000	2.129915
229	0.700000	126.000000	-122.200000	0.778000	2.102860
230	0.700000	128.900000	-124.500000	0.773000	2.115193
231	0.700000	128.300000	-125.000000	0.788000	2.084686
232	0.700000	128.600000	-124.600000	0.777000	2.125353
233	0.700000	130.300000	-127.000000	0.782000	2.177492
234	0.700000	129.000000	-125.900000	0.783000	2.140756
235	0.700000	131.700000	-127.400000	0.790000	2.126264
236	0.700000	131.400000	-128.000000	0.781000	2.145803
237	0.700000	132.900000	-129.900000	0.778000	2.188868
238	0.700000	133.000000	-129.300000	0.778000	2.181789
239	0.700000	134.100000	-128.300000	0.779000	2.166029
240	0.700000	135.700000	-130.900000	0.767000	2.198896
241	0.700000	134.800000	-131.100000	0.782000	2.142993
242	0.700000	135.800000	-132.300000	0.774000	2.164856
243	0.700000	134.900000	-132.000000	0.779000	2.127541
244	0.700000	132.800000	-130.100000	0.782000	2.108313
245	0.700000	131.000000	-127.600000	0.787000	2.110646
246	0.700000	127.900000	-125.200000	0.781000	2.102472
247	0.700000	131.000000	-128.400000	0.786000	2.128507
248	0.700000	130.300000	-127.400000	0.791000	2.111969
249	0.700000	132.800000	-129.400000	0.787000	2.110334
250	0.700000	133.500000	-130.200000	0.779000	2.134766
251	0.700000	134.100000	-130.100000	0.764000	2.155953
252	0.700000	132.900000	-129.600000	0.754000	2.173559
253	0.700000	133.500000	-129.800000	0.771000	2.149944
254	0.700000	134.100000	-130.200000	0.781000	2.138062
255	0.700000	132.200000	-128.500000	0.772000	2.140190
256	0.700000	133.300000	-131.100000	0.761000	2.168518
257	0.700000	131.800000	-128.800000	0.765000	2.139168
258	0.700000	130.700000	-126.600000	0.777000	2.106911
259	0.700000	132.200000	-128.900000	0.771000	2.117502
260	0.700000	132.500000	-128.800000	0.770000	2.131040
261	0.700000	132.400000	-129.600000	0.771000	2.155191
262	0.700000	133.600000	-130.400000	0.771000	2.143201
263	0.700000	133.900000	-131.400000	0.760000	2.165780
264	0.700000	132.300000	-129.700000	0.760000	2.149994
265	0.700000	133.400000	-130.400000	0.766000	2.127222
266	0.700000	133.300000	-129.200000	0.762000	2.128469
267	0.700000	135.200000	-132.000000	0.752000	2.122650
268	0.700000	135.000000	-131.600000	0.765000	2.147153
269	0.700000	134.700000	-131.400000	0.762000	2.132964
270	0.700000	135.600000	-132.300000	0.752000	2.184778
271	0.700000	135.900000	-133.200000	0.764000	2.155088
272	0.700000	136.600000	-133.300000	0.773000	2.140950
273	0.700000	136.000000	-133.100000	0.781000	2.096289
274	0.700000	131.200000	-128.700000	0.783000	2.118010
275	0.700000	132.200000	-128.600000	0.769000	2.179719
276	0.700000	131.800000	-128.600000	0.786000	2.131184
277	0.700000	128.800000	-125.600000	0.761000	2.180976
278	0.700000	130.100000	-127.100000	0.777000	2.154711
279	0.700000	131.200000	-128.100000	0.779000	2.161405
280	0.700000	131.400000	-128.400000	0.790000	2.138528
281	0.700000	132.100000	-128.600000	0.789000	2.088149
282	0.700000	128.700000	-124.200000	0.783000	2.100432
283	0.700000	131.000000	-127.500000	0.783000	2.079411
284	0.700000	131.400000	-127.600000	0.781000	2.099307
285	0.700000	131.900000	-127.500000	0.761000	2.174135
286	0.700000	130.900000	-127.500000	0.773000	2.146764
287	0.700000	131.400000	-128.100000	0.782000	2.152647
288	0.700000	124.200000	-120.500000	0.774000	2.191419
289	0.700000	124.500000	-121.300000	0.772000	2.168491
290	0.700000	125.600000	-122.600000	0.769000	2.176322
291	0.700000	127.200000	-124.200000	0.776000	2.167700
292	0.700000	128.000000	-124.600000	0.780000	2.139375
293	0.700000	131.000000	-126.900000	0.772000	2.129769
294	0.700000	132.600000	-128.500000	0.773000	2.126978
295	0.700000	132.700000	-129.300000	0.771000	2.132201
296	0.700000	133.100000	-129.500000	0.773000	2.127545
297	0.700000	134.300000	-130.800000	0.777000	2.146494
298	0.700000	134.000000	-130.700000	0.774000	2.129791
299	0.700000	133.100000	-129.700000	0.783000	2.131066
300	0.700000	133.000000	-129.300000	0.780000	2.121065
301	0.700000	128.200000	-123.800000	0.772000	2.140985
302	0.700000	128.500000	-124.900000	0.771000	2.111988
303	0.700000	129.800000	-125.400000	0.768000	2.107253
304	0.700000	130.700000	-125.200000	0.783000	2.086262
305	0.700000	127.600000	-121.800000	0.777000	2.106727
306	0.700000	129.200000	-124.800000	0.784000	2.136363
307	0.700000	131.700000	-128.500000	0.774000	2.161341
308	0.700000	132.300000	-128.600000	0.766000	2.157167
309	0.700000	133.400000	-129.700000	0.774000	2.144897
310	0.700000	133.900000	-129.600000	0.773000	2.181648
311	0.700000	135.200000	-131.000000	0.773000	2.191123
312	0.700000	129.900000	-125.600000	0.786000	2.148653
313	0.700000	130.700000	-126.500000	0.775000	2.173283
314	0.700000	130.700000	-127.000000	0.777000	2.158449
315	0.700000	132.400000	-129.200000	0.771000	2.159838
316	0.700000	132.600000	-128.300000	0.775000	2.157898
317	0.700000	135.400000	-131.400000	0.765000	2.204425
318	0.700000	135.300000	-131.300000	0.762000	2.209260
319	0.700000	119.600000	-114.100000	0.772000	2.178787
320	0.700000	127.500000	-122.700000	0.796000	2.108832
321	0.700000	126.800000	-123.000000	0.791000	2.106956
322	0.700000	126.700000	-122.200000	0.803000	2.074078
323	0.700000	127.500000	-122.600000	0.786000	2.094258
324	0.700000	129.400000	-124.600000	0.777000	2.099073
325	0.700000	127.900000	-122.900000	0.780000	2.111895
326	0.700000	129.100000	-125.800000	0.788000	2.153451
327	0.700000	128.300000	-125.500000	0.786000	2.127022
328	0.600000	111.300000	-105.900000	0.782000	2.085021
329	0.600000	111.400000	-106.000000	0.777000	2.075951
330	0.600000	110.400000	-106.800000	0.779000	2.089315
331	0.600000	110.200000	-106.200000	0.777000	2.038150
332	0.600000	109.000000	-105.900000	0.802000	2.001204
333	0.600000	111.500000	-109.100000	0.798000	2.043013
334	0.600000	109.000000	-105.400000	0.780000	2.074178
335	0.600000	110.000000	-106.400000	0.795000	2.040993
336	0.600000	110.300000	-105.600000	0.798000	2.019077
337	0.600000	113.000000	-107.600000	0.789000	2.032071
338	0.600000	113.800000	-109.600000	0.792000	2.056860
339	0.600000	114.600000	-109.900000	0.793000	2.068437
340	0.600000	114.000000	-111.000000	0.794000	2.074775
341	0.600000	114.700000	-111.700000	0.790000	2.077046
342	0.600000	115.600000	-110.900000	0.792000	2.087190
343	0.600000	116.600000	-111.900000	0.799000	2.068920
344	0.600000	115.000000	-111.000000	0.802000	2.058824
345	0.600000	113.200000	-108.800000	0.790000	2.080865
346	0.600000	112.800000	-107.900000	0.795000	2.061958
347	0.600000	113.600000	-106.800000	0.799000	2.085909
348	0.600000	113.300000	-107.600000	0.796000	2.036433
349	0.600000	114.600000	-109.200000	0.788000	2.065393
350	0.500000	93.200000	-88.200000	0.783000	2.077584
351	0.500000	94.400000	-89.800000	0.788000	2.063568
352	0.600000	98.600000	-94.800000	0.781000	2.089146
353	0.600000	98.300000	-94.000000	0.795000	2.062580
354	0.600000	101.100000	-95.700000	0.787000	2.049341
355	0.600000	101.300000	-95.800000	0.797000	2.007132
356	0.600000	106.000000	-100.700000	0.791000	2.076732
357	0.600000	109.500000	-104.100000	0.790000	2.079749
358	0.600000	110.000000	-105.900000	0.786000	2.096217
359	0.600000	109.000000	-104.400000	0.790000	2.087166
360	0.600000	111.000000	-107.700000	0.803000	2.089075
361	0.600000	111.900000	-107.000000	0.798000	2.075267
362	0.600000	113.000000	-108.100000	0.774000	2.080711
363	0.600000	113.200000	-108.400000	0.780000	2.081687
364	0.600000	114.300000	-108.300000	0.797000	2.048540
365	0.600000	114.600000	-109.600000	0.790000	2.080440
366	0.600000	115.200000	-109.200000	0.776000	2.080123
367	0.600000	115.000000	-109.300000	0.805000	2.058394
368	0.600000	115.500000	-109.600000	0.812000	2.046455
369	0.600000	114.700000	-109.800000	0.806000	2.008391
370	0.600000	114.700000	-109.700000	0.804000	2.008505
371	0.600000	112.200000	-107.800000	0.788000	2.021621
372	0.600000	112.700000	-108.400000	0.795000	2.030871
373	0.600000	115.000000	-110.700000	0.794000	2.041940
374	0.600000	115.700000	-110.800000	0.771000	2.097875
375	0.500000	95.700000	-90.700000	0.782000	2.070480
376	0.500000	94.700000	-90.100000	0.792000	2.019486
377	0.500000	94.000000	-87.500000	0.797000	2.007235
378	0.500000	94.800000	-89.000000	0.796000	1.990653
379	0.500000	94.700000	-87.700000	0.795000	1.973990
380	0.500000	96.000000	-89.200000	0.796000	1.980107
381	0.500000	96.800000	-89.400000	0.810000	1.934703
382	0.500000	96.300000	-88.000000	0.812000	1.948999
383	0.500000	95.600000	-87.600000	0.805000	1.960059
384	0.500000	95.400000	-87.500000	0.810000	1.986017
385	0.500000	95.800000	-90.200000	0.802000	2.004913
386	0.500000	96.000000	-91.100000	0.802000	2.017929
387	0.500000	94.900000	-89.500000	0.800000	2.053060
388	0.500000	94.800000	-88.400000	0.798000	2.027885
389	0.500000	93.200000	-88.300000	0.817000	2.011004
390	0.500000	91.500000	-86.200000	0.809000	2.042692
391	0.500000	93.400000	-87.100000	0.812000	2.067032
392	0.500000	93.500000	-86.700000	0.813000	2.037439
393	0.500000	92.100000	-85.800000	0.800000	2.033622
394	0.500000	92.100000	-86.600000	0.804000	2.031573
395	0.500000	93.400000	-87.100000	0.796000	2.063077
396	0.500000	94.000000	-89.100000	0.802000	2.013694
397	0.500000	94.000000	-88.200000	0.806000	2.016869
398	0.500000	94.600000	-88.900000	0.789000	2.057739
399	0.600000	98.500000	-92.900000	0.787000	2.048075
400	0.600000	94.600000	-89.800000	0.797000	2.022757
401	0.600000	95.900000	-90.400000	0.790000	2.058211
402	0.600000	96.100000	-89.400000	0.802000	2.053502
403	0.500000	79.900000	-73.000000	0.804000	2.053146
404	0.500000	80.200000	-74.700000	0.788000	2.110874
405	0.500000	81.100000	-76.200000	0.785000	2.110883
406	0.500000	83.800000	-78.500000	0.785000	2.114137
407	0.500000	85.600000	-78.600000	0.787000	2.118755
408	0.500000	86.100000	-79.200000	0.787000	2.081471
409	0.500000	85.900000	-79.400000	0.792000	2.044526
410	0.500000	86.300000	-80.000000	0.800000	2.025545
411	0.500000	88.300000	-83.400000	0.797000	2.022268
412	0.600000	91.800000	-85.700000	0.797000	2.013053
413	0.600000	93.100000	-87.400000	0.793000	2.051875
414	0.600000	95.500000	-89.800000	0.781000	2.057623
415	0.600000	96.200000	-89.400000	0.792000	2.087580
416	0.600000	99.400000	-94.100000	0.793000	2.065268
417	0.600000	100.600000	-97.000000	0.789000	2.067838
418	0.700000	107.200000	-102.900000	0.783000	2.125820
419	0.700000	110.000000	-105.700000	0.783000	2.118677
420	0.700000	112.900000	-108.700000	0.796000	2.087030
421	0.700000	117.000000	-112.000000	0.793000	2.080362
422	0.700000	119.200000	-114.700000	0.784000	2.062737
423	0.700000	115.900000	-111.200000	0.775000	2.098183
424	0.700000	117.700000	-112.800000	0.776000	2.101415
425	0.700000	120.900000	-117.700000	0.786000	2.125281
426	0.700000	122.900000	-117.500000	0.764000	2.186933
427	0.700000	121.000000	-117.700000	0.768000	2.191952
428	0.700000	121.700000	-115.000000	0.783000	2.152882
429	0.700000	121.800000	-117.300000	0.781000	2.186423
430	0.700000	123.900000	-119.200000	0.783000	2.164008
431	0.700000	119.700000	-114.800000	0.788000	2.190806
432	0.700000	121.900000	-115.900000	0.789000	2.188766
433	0.700000	123.700000	-118.600000	0.768000	2.189997
434	0.700000	125.000000	-120.100000	0.778000	2.181043
435	0.700000	125.000000	-119.700000	0.776000	2.179911
436	0.700000	128.000000	-123.000000	0.781000	2.173069
437	0.700000	128.700000	-122.600000	0.776000	2.187390
438	0.700000	130.900000	-125.800000	0.780000	2.149813
439	0.700000	130.900000	-125.800000	0.770000	2.207270
440	0.700000	131.300000	-126.700000	0.771000	2.168755
441	0.700000	132.300000	-128.400000	0.766000	2.176982
442	0.700000	133.000000	-128.600000	0.781000	2.165333
443	0.700000	132.900000	-128.200000	0.796000	2.150599
444	0.700000	130.700000	-126.000000	0.778000	2.133398
445	0.700000	128.000000	-124.200000	0.785000	2.126304
446	0.700000	130.300000	-125.700000	0.768000	2.143024
447	0.700000	131.300000	-127.500000	0.777000	2.128126
448	0.700000	131.800000	-128.400000	0.788000	2.130445
449	0.700000	131.700000	-128.600000	0.778000	2.149428
450	0.700000	131.800000	-128.200000	0.773000	2.184019
451	0.700000	132.800000	-128.900000	0.780000	2.192455
452	0.700000	133.600000	-130.000000	0.780000	2.169484
453	0.700000	132.600000	-129.400000	0.771000	2.182475
454	0.700000	133.200000	-129.400000	0.770000	2.199893
455	0.700000	132.400000	-128.000000	0.772000	2.198098
456	0.700000	133.000000	-129.100000	0.768000	2.188316
457	0.700000	132.100000	-128.000000	0.776000	2.184410
458	0.700000	133.100000	-130.200000	0.766000	2.202270
459	0.700000	134.100000	-130.400000	0.761000	2.174571
460	0.700000	133.300000	-129.700000	0.763000	2.162794
461	0.700000	133.900000	-129.600000	0.754000	2.187354
462	0.700000	134.100000	-129.200000	0.761000	2.167734
463	0.700000	134.900000	-130.900000	0.758000	2.117785
464	0.700000	135.700000	-130.400000	0.750000	2.171072
465	0.700000	137.400000	-132.800000	0.757000	2.178725
466	0.700000	137.900000	-134.900000	0.768000	2.165954
467	0.800000	141.900000	-138.000000	0.756000	2.179876
468	0.800000	141.700000	-139.700000	0.770000	2.176018
469	0.800000	140.500000	-136.600000	0.769000	2.158722
470	0.800000	142.700000	-138.200000	0.770000	2.174767
471	0.800000	143.400000	-138.500000	0.760000	2.197163
472	0.800000	140.300000	-136.700000	0.778000	2.188134
473	0.800000	142.200000	-138.500000	0.773000	2.170789
474	0.800000	144.500000	-141.000000	0.769000	2.158963
475	0.800000	144.800000	-141.600000	0.775000	2.171793
476	0.800000	146.800000	-144.300000	0.766000	2.175374
477	0.800000	145.400000	-142.700000	0.782000	2.151245
478	0.800000	143.200000	-141.000000	0.784000	2.177567
479	0.800000	145.200000	-141.600000	0.775000	2.177698
480	0.800000	145.700000	-143.500000	0.765000	2.201133
481	0.800000	146.900000	-143.500000	0.751000	2.245465
482	0.800000	147.800000	-144.300000	0.767000	2.223756
483	0.800000	149.000000	-146.500000	0.779000	2.182717
484	0.800000	148.900000	-145.900000	0.763000	2.174608
485	0.800000	147.900000	-144.700000	0.754000	2.230764
486	0.800000	141.700000	-139.200000	0.756000	2.223835
487	0.800000	149.200000	-146.900000	0.749000	2.251136
488	0.800000	149.500000	-146.200000	0.749000	2.250033
489	0.800000	150.900000	-148.300000	0.745000	2.235854
490	0.800000	151.900000	-149.700000	0.750000	2.219352
491	0.800000	151.400000	-148.500000	0.750000	2.207649
492	0.800000	153.700000	-151.100000	0.753000	2.214009
493	0.800000	152.200000	-150.000000	0.754000	2.220569
494	0.800000	153.300000	-150.200000	0.743000	2.216732
495	0.800000	152.200000	-149.300000	0.745000	2.233573
496	0.800000	152.200000	-148.400000	0.756000	2.190233
497	0.800000	151.800000	-148.900000	0.738000	2.221441
498	0.800000	153.200000	-150.100000	0.747000	2.205938
499	0.800000	151.200000	-146.900000	0.759000	2.200448
500	0.800000	153.400000	-150.200000	0.755000	2.228411
501	0.800000	156.800000	-152.500000	0.762000	2.227831
502	0.800000	155.800000	-152.200000	0.771000	2.194552
503	0.800000	155.800000	-152.300000	0.754000	2.223329
504	0.800000	155.300000	-151.800000	0.759000	2.207157
505	0.800000	155.000000	-151.900000	0.758000	2.190422
506	0.800000	155.200000	-153.200000	0.770000	2.157791
507	0.800000	155.900000	-154.200000	0.775000	2.175867
508	0.800000	156.200000	-154.000000	0.777000	2.189204
509	0.800000	156.300000	-154.300000	0.766000	2.202423
510	0.800000	155.500000	-153.500000	0.766000	2.204518
511	0.800000	155.300000	-152.800000	0.767000	2.184511
512	0.800000	154.400000	-151.400000	0.758000	2.159539
513	0.800000	155.100000	-153.000000	0.774000	2.116546
514	0.800000	155.600000	-152.800000	0.768000	2.142277
515	0.800000	153.900000	-150.300000	0.767000	2.156393
516	0.800000	154.600000	-151.100000	0.777000	2.154949
517	0.800000	154.800000	-151.700000	0.773000	2.132344
518	0.800000	153.600000	-150.500000	0.758000	2.149115
519	0.800000	155.000000	-152.100000	0.767000	2.119741
520	0.800000	154.200000	-150.200000	0.771000	2.134507
521	0.800000	154.600000	-151.900000	0.755000	2.174842
522	0.800000	152.400000	-149.100000	0.761000	2.133352
523	0.800000	154.200000	-150.500000	0.747000	2.185354
524	0.800000	151.600000	-146.800000	0.762000	2.155134
525	0.800000	152.600000	-148.000000	0.755000	2.149392
526	0.800000	153.300000	-149.100000	0.768000	2.122934
527	0.800000	151.600000	-147.000000	0.772000	2.140676
528	0.800000	152.800000	-148.900000	0.784000	2.120349
529	0.800000	150.500000	-146.500000	0.776000	2.110810
530	0.800000	152.900000	-149.100000	0.784000	2.108044
531	0.800000	152.900000	-150.800000	0.763000	2.134213
532	0.800000	151.900000	-149.000000	0.767000	2.144930
533	0.800000	153.700000	-151.300000	0.775000	2.128224
534	0.800000	155.100000	-152.100000	0.770000	2.150278
535	0.800000	153.600000	-149.900000	0.764000	2.175967
536	0.800000	151.500000	-148.100000	0.743000	2.211912
537	0.800000	152.800000	-149.900000	0.750000	2.173010
538	0.800000	152.500000	-149.000000	0.758000	2.177976
539	0.800000	152.100000	-148.300000	0.765000	2.161126
540	0.800000	148.200000	-145.100000	0.761000	2.174961
541	0.800000	150.500000	-147.200000	0.776000	2.158948
542	0.800000	152.500000	-149.900000	0.772000	2.154370
543	0.700000	134.600000	-131.900000	0.770000	2.158768
544	0.700000	135.700000	-132.600000	0.771000	2.132032
545	0.700000	129.500000	-124.900000	0.778000	2.077556
546	0.700000	135.100000	-131.100000	0.782000	2.105333
547	0.700000	134.600000	-129.600000	0.794000	2.070294
548	0.700000	135.900000	-132.100000	0.788000	2.047867
549	0.700000	136.000000	-131.200000	0.779000	2.090631
550	0.700000	137.500000	-134.100000	0.788000	2.065974
551	0.800000	139.400000	-135.500000	0.790000	2.028870
552	0.800000	135.900000	-130.900000	0.803000	2.036082
553	0.800000	136.200000	-132.100000	0.798000	2.048917
554	0.800000	139.100000	-134.900000	0.794000	2.063986
555	0.800000	141.500000	-136.200000	0.790000	2.079621
556	0.800000	143.700000	-140.400000	0.769000	2.112576
557	0.800000	145.600000	-142.300000	0.773000	2.129670
558	0.800000	147.700000	-143.600000	0.778000	2.122312
559	0.800000	149.700000	-146.700000	0.770000	2.130305
560	0.800000	148.100000	-144.200000	0.775000	2.084877
561	0.800000	148.700000	-146.100000	0.785000	2.084023
562	0.800000	149.400000	-146.300000	0.779000	2.099117
563	0.800000	148.900000	-146.100000	0.774000	2.131104
564	0.800000	150.800000	-147.600000	0.765000	2.172204
565	0.800000	151.900000	-149.700000	0.766000	2.163338
566	0.800000	154.000000	-150.700000	0.770000	2.150947
567	0.800000	150.800000	-147.400000	0.771000	2.148878
568	0.800000	150.600000	-148.300000	0.769000	2.143196
569	0.700000	130.700000	-127.700000	0.758000	2.170679
570	0.600000	112.000000	-108.100000	0.777000	2.116716
571	0.700000	128.000000	-123.700000	0.772000	2.107627
572	0.700000	126.800000	-122.300000	0.774000	2.118324
573	0.700000	126.700000	-123.100000	0.768000	2.119872
574	0.700000	125.800000	-123.000000	0.769000	2.099466
575	0.700000	128.600000	-123.800000	0.760000	2.133673
576	0.700000	130.400000	-125.900000	0.758000	2.118566
577	0.700000	133.300000	-128.900000	0.767000	2.135385
578	0.700000	132.700000	-128.500000	0.772000	2.089272
579	0.700000	132.400000	-128.900000	0.771000	2.113234
580	0.700000	134.000000	-130.200000	0.782000	2.123520
581	0.700000	134.200000	-131.400000	0.780000	2.084876
582	0.700000	134.500000	-131.500000	0.788000	2.073940
583	0.700000	133.600000	-130.200000	0.796000	2.063179
584	0.700000	131.300000	-127.500000	0.798000	2.072620
585	0.700000	128.100000	-124.600000	0.788000	2.073456
586	0.700000	132.100000	-128.300000	0.785000	2.089804
587	0.700000	129.000000	-124.600000	0.777000	2.082902
588	0.700000	127.400000	-123.400000	0.781000	2.091967
589	0.700000	128.800000	-124.200000	0.775000	2.096466
590	0.700000	129.500000	-125.600000	0.783000	2.086331
591	0.700000	129.600000	-127.000000	0.776000	2.098400
592	0.800000	133.500000	-130.100000	0.777000	2.088078
593	0.800000	135.200000	-132.700000	0.767000	2.149448
594	0.800000	135.500000	-132.300000	0.771000	2.147025
595	0.800000	138.000000	-133.800000	0.785000	2.161202
596	0.800000	138.700000	-135.100000	0.777000	2.190886
597	0.800000	139.800000	-135.000000	0.773000	2.186398
598	0.800000	143.000000	-138.600000	0.776000	2.179821
599	0.800000	144.400000	-140.400000	0.764000	2.196910
600	0.800000	145.400000	-140.900000	0.771000	2.162778
601	0.800000	145.300000	-142.000000	0.763000	2.179433
602	0.800000	146.000000	-144.000000	0.767000	2.169789
603	0.800000	146.300000	-143.400000	0.776000	2.142446
604	0.800000	147.300000	-145.100000	0.778000	2.155031
605	0.800000	148.400000	-145.000000	0.774000	2.173172
606	0.800000	151.000000	-148.700000	0.758000	2.244425
607	0.800000	151.400000	-148.100000	0.772000	2.192535
608	0.800000	149.800000	-146.600000	0.768000	2.154578
609	0.800000	150.300000	-147.000000	0.764000	2.152788
610	0.800000	151.500000	-148.700000	0.769000	2.148443
611	0.800000	150.700000	-147.400000	0.760000	2.164777
612	0.800000	148.200000	-143.900000	0.766000	2.167699
613	0.800000	148.200000	-143.400000	0.768000	2.158191
614	0.800000	150.200000	-146.600000	0.757000	2.205415
615	0.800000	150.400000	-146.500000	0.778000	2.153846
616	0.900000	154.500000	-151.100000	0.774000	2.157116
617	0.900000	157.100000	-153.600000	0.767000	2.158205
618	0.900000	158.000000	-154.800000	0.748000	2.208832
619	0.900000	155.200000	-153.100000	0.746000	2.205973
620	0.900000	159.300000	-157.300000	0.748000	2.229882
621	0.900000	159.300000	-156.800000	0.774000	2.191286
622	0.900000	160.000000	-157.400000	0.757000	2.215577
623	0.900000	158.400000	-155.600000	0.774000	2.203094
624	0.900000	161.800000	-159.700000	0.770000	2.175688
625	0.900000	162.300000	-160.400000	0.761000	2.160465
626	0.900000	162.500000	-160.600000	0.759000	2.178138
627	0.900000	164.400000	-161.300000	0.771000	2.186776
628	0.900000	167.700000	-164.300000	0.760000	2.189426
629	0.900000	167.000000	-164.600000	0.762000	2.212531
630	0.900000	169.900000	-167.200000	0.762000	2.200905
631	0.900000	170.600000	-168.600000	0.766000	2.229562
632	0.900000	171.000000	-168.500000	0.766000	2.228241
633	0.900000	171.300000	-169.400000	0.765000	2.166938
634	0.900000	172.500000	-169.800000	0.747000	2.199488
635	0.900000	172.100000	-169.600000	0.749000	2.226071
636	0.900000	171.000000	-168.300000	0.752000	2.216383
637	0.900000	169.200000	-166.700000	0.747000	2.220608
638	0.900000	171.900000	-170.000000	0.747000	2.225934
639	0.700000	134.600000	-133.100000	0.753000	2.214052
640	0.800000	148.000000	-145.600000	0.765000	2.146396
641	0.800000	148.100000	-145.300000	0.772000	2.123964
642	0.800000	147.600000	-144.600000	0.759000	2.160209
643	0.700000	129.400000	-127.400000	0.774000	2.165864
644	0.700000	130.200000	-127.700000	0.787000	2.114624
645	0.800000	140.600000	-138.400000	0.791000	2.098467
646	0.800000	141.000000	-138.300000	0.782000	2.118389
647	0.800000	143.400000	-139.000000	0.779000	2.103764
648	0.800000	144.500000	-141.500000	0.774000	2.113576
649	0.800000	143.200000	-139.400000	0.773000	2.146535
650	0.800000	143.000000	-139.600000	0.777000	2.149181
651	0.800000	144.800000	-141.000000	0.774000	2.147363
652	0.800000	147.000000	-143.400000	0.759000	2.168609
653	0.800000	148.800000	-143.700000	0.762000	2.210396
654	0.800000	149.500000	-146.000000	0.773000	2.182300
655	0.800000	150.600000	-147.900000	0.772000	2.176696
656	0.800000	150.100000	-146.700000	0.767000	2.203068
657	0.800000	151.000000	-147.900000	0.754000	2.236196
658	0.800000	152.700000	-150.500000	0.761000	2.215751
659	0.800000	150.500000	-147.600000	0.769000	2.151968
660	0.800000	151.900000	-149.000000	0.762000	2.179483
661	0.800000	152.500000	-149.500000	0.762000	2.168859
662	0.800000	152.700000	-148.800000	0.765000	2.192143
663	0.800000	154.600000	-151.500000	0.768000	2.170334
664	0.800000	154.200000	-151.600000	0.752000	2.177869
665	0.800000	149.300000	-146.400000	0.759000	2.186706
666	0.800000	154.600000	-151.300000	0.765000	2.156868
667	0.800000	153.300000	-149.500000	0.755000	2.184836
668	0.800000	153.200000	-149.600000	0.758000	2.186019
669	0.700000	127.200000	-123.300000	0.768000	2.180733
670	0.700000	128.900000	-124.800000	0.772000	2.131840
671	0.700000	128.000000	-123.200000	0.796000	2.109669
672	0.800000	135.300000	-130.700000	0.772000	2.181954
673	0.800000	134.500000	-129.600000	0.779000	2.143415
674	0.800000	135.000000	-131.300000	0.784000	2.099343
675	0.800000	135.300000	-131.500000	0.779000	2.125761
676	0.800000	136.900000	-133.400000	0.766000	2.149164
677	0.800000	138.100000	-133.800000	0.767000	2.183677
678	0.800000	138.000000	-134.100000	0.770000	2.175167
679	0.800000	139.800000	-137.900000	0.765000	2.189668
680	0.800000	138.400000	-135.700000	0.763000	2.173861
681	0.800000	141.800000	-138.200000	0.759000	2.208407
682	0.800000	144.900000	-142.100000	0.756000	2.258266
683	0.800000	148.700000	-146.200000	0.769000	2.222503
684	0.800000	148.400000	-145.600000	0.763000	2.244932
685	0.800000	148.100000	-146.200000	0.759000	2.239921
686	0.800000	150.900000	-147.300000	0.757000	2.224492
687	0.800000	153.000000	-149.300000	0.751000	2.229476
688	0.800000	153.000000	-150.900000	0.751000	2.220633
689	0.800000	155.100000	-153.200000	0.766000	2.204933
690	0.800000	153.300000	-150.800000	0.768000	2.182046
691	0.800000	153.200000	-149.400000	0.776000	2.170972
692	0.800000	153.800000	-150.400000	0.766000	2.192251
693	0.800000	153.700000	-149.800000	0.758000	2.215256
694	0.800000	147.200000	-143.900000	0.753000	2.224502
695	0.800000	143.900000	-139.700000	0.762000	2.210391
696	0.800000	146.600000	-143.000000	0.756000	2.248497
697	0.800000	147.300000	-143.700000	0.751000	2.249329
698	0.800000	146.900000	-143.600000	0.758000	2.245827
699	0.800000	148.700000	-146.200000	0.762000	2.215773
700	0.900000	153.000000	-151.000000	0.759000	2.217759
701	0.900000	156.100000	-152.500000	0.750000	2.230099
702	0.900000	160.600000	-158.000000	0.740000	2.243568
703	0.900000	161.800000	-159.800000	0.747000	2.237639
704	0.900000	165.300000	-163.200000	0.738000	2.246599
705	0.900000	163.800000	-162.000000	0.759000	2.208952
706	0.900000	164.800000	-163.000000	0.756000	2.194470
707	0.900000	162.300000	-160.400000	0.758000	2.205924
708	0.900000	163.000000	-161.500000	0.754000	2.257227
709	0.900000	163.400000	-161.100000	0.747000	2.240019
710	0.900000	164.400000	-163.400000	0.756000	2.211594
711	0.900000	168.300000	-166.500000	0.736000	2.257186
712	0.800000	147.600000	-144.900000	0.741000	2.211665
713	0.700000	129.000000	-126.700000	0.733000	2.214618
714	0.700000	129.400000	-126.900000	0.750000	2.192121
715	0.700000	129.400000	-125.800000	0.773000	2.140942
716	0.800000	135.700000	-131.300000	0.785000	2.120634
717	0.800000	137.400000	-132.600000	0.767000	2.178969
718	0.800000	139.900000	-136.400000	0.766000	2.217574
719	0.800000	140.900000	-137.900000	0.770000	2.140554
720	0.800000	143.000000	-139.800000	0.758000	2.164048
721	0.800000	142.500000	-139.700000	0.760000	2.163182
722	0.800000	145.200000	-143.200000	0.757000	2.143162
723	0.800000	146.500000	-142.800000	0.771000	2.147464
724	0.800000	147.800000	-144.200000	0.772000	2.168793
725	0.800000	148.500000	-144.900000	0.769000	2.187359
726	0.800000	146.000000	-143.300000	0.764000	2.182131
727	0.800000	150.100000	-147.500000	0.757000	2.181433
728	0.800000	151.600000	-149.000000	0.765000	2.220346
729	0.800000	151.800000	-149.600000	0.761000	2.211402
730	0.800000	152.800000	-150.600000	0.750000	2.229197
731	0.800000	153.100000	-150.700000	0.750000	2.252875
732	0.800000	150.500000	-148.000000	0.751000	2.224786
733	0.800000	153.300000	-149.400000	0.750000	2.230201
734	0.800000	148.400000	-145.000000	0.753000	2.239567
735	0.800000	149.400000	-146.800000	0.767000	2.257046
736	0.800000	150.500000	-148.400000	0.762000	2.215647
737	0.800000	151.800000	-149.500000	0.758000	2.242174
738	0.800000	150.900000	-148.500000	0.758000	2.229943
739	0.800000	152.100000	-149.500000	0.752000	2.230714
740	0.800000	153.500000	-151.200000	0.762000	2.247913
741	0.800000	153.400000	-151.100000	0.759000	2.249968
742	0.800000	153.500000	-150.600000	0.754000	2.250985
743	0.800000	152.300000	-149.800000	0.774000	2.200541
744	0.800000	152.700000	-149.900000	0.762000	2.201702
745	0.800000	154.200000	-150.900000	0.770000	2.193318
746	0.800000	153.600000	-150.000000	0.769000	2.186475
747	0.800000	153.400000	-150.600000	0.763000	2.190903
748	0.800000	154.500000	-152.300000	0.761000	2.237068
749	0.800000	156.200000	-154.400000	0.743000	2.219037
750	0.800000	155.700000	-153.700000	0.746000	2.212498
751	0.800000	157.700000	-156.200000	0.759000	2.153067
752	0.800000	155.900000	-154.000000	0.756000	2.192471
753	0.700000	136.100000	-133.100000	0.760000	2.168369
754	0.700000	134.800000	-132.300000	0.774000	2.110781
755	0.700000	136.400000	-134.200000	0.776000	2.122861
756	0.700000	138.000000	-134.700000	0.780000	2.165495
757	0.700000	134.400000	-131.500000	0.779000	2.163380
758	0.700000	134.000000	-130.000000	0.779000	2.127297
759	0.700000	135.000000	-130.500000	0.768000	2.156133
760	0.700000	134.900000	-129.500000	0.776000	2.142320
761	0.700000	135.200000	-131.200000	0.771000	2.109980
762	0.700000	133.000000	-130.100000	0.782000	2.088581
763	0.700000	134.700000	-131.100000	0.796000	2.076463
764	0.700000	135.200000	-130.500000	0.786000	2.086551
765	0.700000	134.500000	-130.200000	0.782000	2.083791
766	0.700000	133.700000	-129.800000	0.795000	2.062510
767	0.700000	134.900000	-130.500000	0.802000	2.035604
768	0.700000	134.300000	-129.600000	0.793000	2.046053
769	0.700000	132.400000	-128.500000	0.779000	2.071506
770	0.700000	134.200000	-130.800000	0.788000	2.061566
771	0.700000	136.500000	-133.200000	0.787000	2.103781
772	0.700000	137.300000	-132.800000	0.788000	2.103782
773	0.700000	136.100000	-132.200000	0.781000	2.130566
774	0.700000	135.000000	-130.800000	0.784000	2.099097
775	0.700000	134.300000	-131.400000	0.786000	2.096207
776	0.700000	134.300000	-131.400000	0.789000	2.081898
777	0.600000	113.700000	-110.900000	0.792000	2.065543
778	0.700000	119.300000	-115.000000	0.790000	2.020899
779	0.700000	120.100000	-116.300000	0.795000	2.000147
780	0.700000	121.800000	-117.700000	0.801000	2.005595
781	0.700000	123.600000	-119.800000	0.800000	2.029881
782	0.700000	124.600000	-119.000000	0.806000	2.020367
783	0.600000	108.300000	-104.500000	0.799000	2.048109
784	0.600000	110.100000	-106.000000	0.800000	2.045973
785	0.600000	109.500000	-105.200000	0.784000	2.042713
786	0.700000	113.700000	-109.000000	0.789000	2.016013
787	0.700000	117.600000	-112.700000	0.801000	2.018566
788	0.700000	120.000000	-115.600000	0.798000	2.053272
789	0.700000	121.900000	-118.300000	0.794000	2.041745
790	0.700000	121.400000	-118.000000	0.797000	2.043718
791	0.700000	120.700000	-117.200000	0.791000	2.046710
792	0.700000	121.300000	-118.000000	0.791000	2.128438
793	0.700000	122.900000	-119.600000	0.778000	2.124585
794	0.700000	125.200000	-121.700000	0.763000	2.145732
795	0.700000	125.100000	-121.800000	0.784000	2.133267
796	0.700000	127.700000	-124.200000	0.775000	2.151330
797	0.700000	125.800000	-123.500000	0.767000	2.143142
798	0.700000	125.900000	-123.700000	0.771000	2.164517
799	0.700000	129.600000	-125.800000	0.760000	2.158357
800	0.700000	128.300000	-124.400000	0.771000	2.154500
801	0.700000	128.800000	-124.700000	0.779000	2.146395
802	0.600000	111.700000	-107.300000	0.778000	2.158479
803	0.600000	111.200000	-106.700000	0.792000	2.132850
804	0.600000	107.500000	-103.400000	0.773000	2.125451
805	0.600000	109.200000	-104.700000	0.785000	2.137251
806	0.600000	110.800000	-106.900000	0.777000	2.119979
807	0.600000	109.900000	-105.900000	0.788000	2.071623
808	0.600000	109.700000	-106.900000	0.778000	2.091692
809	0.600000	110.600000	-106.500000	0.778000	2.083751
810	0.600000	112.500000	-107.300000	0.779000	2.099713
811	0.600000	112.800000	-108.500000	0.800000	2.104010
812	0.600000	112.400000	-109.100000	0.796000	2.125119
813	0.600000	109.900000	-104.200000	0.774000	2.119839
814	0.600000	111.700000	-106.900000	0.780000	2.136287
815	0.600000	110.800000	-106.900000	0.780000	2.148567
816	0.600000	111.200000	-107.100000	0.776000	2.134656
817	0.600000	112.900000	-109.400000	0.777000	2.165983
818	0.600000	112.500000	-109.000000	0.775000	2.085624
819	0.600000	114.100000	-109.300000	0.792000	2.094366
820	0.600000	114.500000	-110.000000	0.792000	2.085727
821	0.600000	114.700000	-110.000000	0.764000	2.133275
822	0.600000	114.700000	-109.400000	0.777000	2.086238
823	0.600000	115.700000	-111.400000	0.786000	2.088858
824	0.600000	115.100000	-109.800000	0.790000	2.076740
825	0.600000	116.400000	-110.700000	0.780000	2.093149
826	0.600000	114.400000	-109.500000	0.783000	2.065336
827	0.600000	109.900000	-104.100000	0.774000	2.089715
828	0.600000	112.500000	-107.000000	0.793000	2.046343
829	0.600000	113.100000	-107.100000	0.790000	2.046276
830	0.600000	111.200000	-106.200000	0.790000	2.099700
831	0.600000	111.600000	-106.000000	0.806000	2.062924
832	0.600000	112.700000	-107.400000	0.788000	2.104647
833	0.600000	113.200000	-107.800000	0.796000	2.113348
834	0.600000	113.900000	-109.100000	0.800000	2.121894
835	0.600000	108.200000	-102.900000	0.810000	2.076861
836	0.600000	107.900000	-101.800000	0.796000	2.079176
837	0.600000	108.600000	-102.600000	0.789000	2.070935
838	0.600000	108.800000	-103.500000	0.801000	2.070367
839	0.600000	109.900000	-105.500000	0.799000	2.094775
840	0.600000	110.100000	-106.100000	0.796000	2.107138
841	0.600000	111.900000	-107.500000	0.781000	2.116921
842	0.600000	111.800000	-107.200000	0.776000	2.152238
843	0.600000	112.100000	-106.900000	0.776000	2.127642
844	0.600000	114.100000	-108.900000	0.773000	2.141056
845	0.600000	115.400000	-111.700000	0.778000	2.145845
846	0.600000	114.200000	-109.100000	0.791000	2.100058
847	0.600000	112.400000	-106.700000	0.781000	2.127649
848	0.600000	114.800000	-110.800000	0.795000	2.101567
849	0.600000	115.600000	-111.100000	0.776000	2.090862
850	0.600000	116.600000	-110.900000	0.793000	2.057819
851	0.600000	116.300000	-111.800000	0.794000	2.102637
852	0.700000	117.800000	-112.000000	0.779000	2.108171
853	0.700000	120.300000	-114.900000	0.787000	2.133201
854	0.700000	120.200000	-114.600000	0.792000	2.106120
855	0.700000	119.200000	-114.800000	0.781000	2.116485
856	0.700000	122.000000	-116.900000	0.771000	2.153208
857	0.700000	123.900000	-119.200000	0.771000	2.131419
858	0.700000	125.700000	-121.200000	0.779000	2.104427
859	0.700000	127.800000	-124.100000	0.777000	2.126249
860	0.700000	128.000000	-123.900000	0.790000	2.133312
861	0.700000	130.000000	-125.900000	0.773000	2.140790
862	0.700000	126.100000	-122.300000	0.779000	2.130665
863	0.700000	129.100000	-125.200000	0.777000	2.143032
864	0.700000	123.800000	-120.400000	0.782000	2.150918
865	0.700000	124.100000	-120.500000	0.778000	2.168706
866	0.700000	124.500000	-120.200000	0.776000	2.167344
867	0.700000	123.600000	-117.600000	0.772000	2.179752
868	0.700000	125.700000	-120.600000	0.767000	2.182264
869	0.700000	126.100000	-122.300000	0.762000	2.196187
870	0.700000	127.100000	-123.500000	0.760000	2.186426
871	0.700000	129.600000	-125.800000	0.775000	2.159409
872	0.700000	131.200000	-127.000000	0.766000	2.150690
873	0.700000	131.400000	-127.100000	0.769000	2.136541
874	0.700000	133.500000	-129.800000	0.770000	2.143230
875	0.700000	133.000000	-127.900000	0.770000	2.172229
876	0.700000	131.500000	-127.600000	0.780000	2.151513
877	0.700000	132.000000	-127.400000	0.764000	2.203218
878	0.700000	133.400000	-128.400000	0.765000	2.206996
879	0.700000	134.300000	-128.900000	0.763000	2.222223
880	0.700000	135.900000	-129.700000	0.759000	2.225598
881	0.700000	135.700000	-130.100000	0.771000	2.203650
882	0.700000	133.200000	-129.100000	0.770000	2.214872
883	0.700000	134.400000	-130.400000	0.775000	2.229191
884	0.700000	135.100000	-132.200000	0.779000	2.162302
885	0.700000	133.500000	-130.400000	0.782000	2.178110
886	0.700000	131.900000	-127.400000	0.765000	2.204948
887	0.700000	133.100000	-130.200000	0.773000	2.223488
888	0.700000	133.800000	-130.800000	0.772000	2.196688
889	0.700000	132.000000	-127.800000	0.755000	2.208556
890	0.700000	133.100000	-129.100000	0.759000	2.194086
891	0.700000	133.400000	-129.700000	0.765000	2.174052
892	0.700000	134.100000	-129.700000	0.773000	2.158140
893	0.700000	135.600000	-130.700000	0.769000	2.200732
894	0.700000	135.500000	-130.600000	0.768000	2.205849
895	0.700000	131.400000	-126.500000	0.761000	2.214616
896	0.700000	132.900000	-128.800000	0.781000	2.213762
897	0.700000	133.100000	-128.800000	0.784000	2.173533
898	0.700000	133.900000	-130.700000	0.781000	2.163182
899	0.700000	133.200000	-129.800000	0.783000	2.147772
900	0.700000	132.200000	-127.500000	0.777000	2.148264
901	0.600000	102.700000	-97.900000	0.788000	2.122850
902	0.600000	104.900000	-101.200000	0.795000	2.075300
903	0.600000	106.100000	-102.500000	0.807000	2.099676
904	0.600000	106.200000	-102.500000	0.801000	2.086737
905	0.700000	114.000000	-110.000000	0.798000	2.108505
906	0.700000	114.500000	-109.100000	0.807000	2.112057
907	0.700000	117.700000	-112.800000	0.802000	2.108714
908	0.700000	122.600000	-117.400000	0.791000	2.108867
909	0.700000	124.800000	-118.100000	0.794000	2.138064
910	0.700000	125.200000	-120.800000	0.787000	2.127705
911	0.700000	126.200000	-122.900000	0.776000	2.175184
912	0.700000	129.200000	-125.300000	0.785000	2.140850
913	0.700000	127.800000	-124.400000	0.788000	2.200818
914	0.700000	130.200000	-127.200000	0.787000	2.185346
915	0.700000	129.700000	-125.300000	0.769000	2.232658
916	0.700000	129.500000	-124.800000	0.771000	2.211164
917	0.700000	129.600000	-126.000000	0.767000	2.201690
918	0.700000	131.800000	-128.900000	0.768000	2.214803
919	0.700000	132.000000	-129.400000	0.771000	2.200387
920	0.700000	128.000000	-123.700000	0.787000	2.180957
921	0.700000	129.600000	-124.800000	0.766000	2.203968
922	0.700000	131.200000	-127.600000	0.775000	2.177723
923	0.700000	133.700000	-131.000000	0.773000	2.183138
924	0.700000	135.600000	-132.200000	0.759000	2.208458
925	0.700000	135.400000	-132.200000	0.771000	2.174190
926	0.700000	134.000000	-131.000000	0.767000	2.206962
927	0.700000	134.200000	-130.100000	0.777000	2.155376
928	0.700000	133.500000	-129.700000	0.776000	2.146761
929	0.700000	134.000000	-130.100000	0.757000	2.179960
930	0.700000	133.000000	-129.600000	0.771000	2.189599
931	0.700000	130.700000	-126.300000	0.771000	2.187743
932	0.700000	128.900000	-125.200000	0.764000	2.203605
933	0.700000	127.400000	-122.600000	0.757000	2.190677
934	0.700000	129.400000	-124.600000	0.770000	2.187181
935	0.700000	128.800000	-123.400000	0.769000	2.181077
936	0.700000	130.000000	-126.400000	0.752000	2.158546
937	0.700000	128.900000	-125.300000	0.769000	2.184237
938	0.700000	130.700000	-127.700000	0.774000	2.197479
939	0.700000	133.700000	-130.200000	0.770000	2.185960
940	0.700000	135.900000	-131.000000	0.764000	2.201368
941	0.700000	133.700000	-128.000000	0.773000	2.178637
942	0.700000	132.800000	-128.000000	0.764000	2.180749
943	0.700000	133.800000	-127.300000	0.773000	2.172998
944	0.700000	135.200000	-130.100000	0.771000	2.183801
945	0.700000	134.800000	-129.800000	0.772000	2.176665
946	0.700000	136.500000	-131.100000	0.778000	2.154513
947	0.700000	137.200000	-133.300000	0.762000	2.154321
948	0.500000	97.400000	-93.900000	0.768000	2.171259
949	0.500000	98.300000	-93.100000	0.788000	2.152794
950	0.600000	96.100000	-90.500000	0.786000	2.076099
951	0.600000	97.800000	-92.300000	0.798000	2.101278
952	0.600000	95.800000	-89.700000	0.805000	2.076363
953	0.600000	101.100000	-94.300000	0.797000	2.098909
954	0.600000	103.900000	-97.000000	0.782000	2.108747
955	0.600000	104.900000	-99.000000	0.792000	2.131521
956	0.600000	104.500000	-99.300000	0.797000	2.131907
957	0.600000	106.800000	-103.400000	0.781000	2.157952
958	0.600000	108.300000	-104.700000	0.779000	2.189067
959	0.600000	108.900000	-103.400000	0.778000	2.213940
960	0.600000	111.400000	-104.800000	0.782000	2.182878
961	0.600000	111.300000	-105.400000	0.784000	2.183098
962	0.600000	112.300000	-108.000000	0.779000	2.214713
963	0.600000	111.500000	-105.600000	0.767000	2.197739
964	0.600000	112.200000	-107.200000	0.768000	2.208725
965	0.600000	112.800000	-107.000000	0.780000	2.214806
966	0.600000	113.100000	-107.100000	0.792000	2.196313
967	0.600000	113.100000	-106.300000	0.782000	2.185141
968	0.600000	112.400000	-106.100000	0.792000	2.117203
969	0.600000	114.100000	-108.200000	0.784000	2.125302
970	0.600000	116.300000	-111.500000	0.779000	2.151308
971	0.600000	116.700000	-111.200000	0.769000	2.202124
972	0.600000	116.300000	-110.900000	0.768000	2.229780
973	0.600000	116.600000	-112.200000	0.781000	2.192271
974	0.600000	116.200000	-111.200000	0.779000	2.169337
975	0.700000	120.900000	-115.200000	0.761000	2.206055
976	0.700000	123.100000	-118.200000	0.764000	2.197755
977	0.700000	123.500000	-118.500000	0.760000	2.205652
978	0.700000	125.000000	-120.600000	0.762000	2.219830
979	0.700000	124.600000	-121.600000	0.772000	2.219216
980	0.700000	125.200000	-121.500000	0.783000	2.193356
981	0.700000	126.800000	-122.700000	0.779000	2.183675
982	0.700000	128.200000	-124.000000	0.771000	2.216475
983	0.700000	127.000000	-123.900000	0.786000	2.186052
984	0.700000	128.100000	-124.500000	0.788000	2.203478
985	0.700000	126.900000	-123.400000	0.784000	2.205970
986	0.700000	128.600000	-126.200000	0.791000	2.194370
987	0.700000	128.800000	-126.800000	0.775000	2.210588
988	0.700000	132.100000	-130.800000	0.767000	2.193469
989	0.700000	132.400000	-129.900000	0.765000	2.221380
990	0.700000	133.900000	-130.900000	0.763000	2.201946
991	0.700000	136.500000	-132.300000	0.766000	2.165846
992	0.700000	136.600000	-132.500000	0.774000	2.134577
993	0.700000	135.100000	-130.800000	0.770000	2.146455
994	0.700000	135.400000	-131.000000	0.774000	2.179410
995	0.700000	135.600000	-130.600000	0.771000	2.170742
996	0.700000	135.600000	-130.900000	0.766000	2.164358
997	0.700000	135.900000	-130.900000	0.774000	2.117111
998	0.700000	138.500000	-133.900000	0.775000	2.132965
999	0.700000	133.900000	-129.700000	0.769000	2.145874
