0	0.000000	0.000000	11.800000	0.852000	1.771511
1	0.000000	0.000000	10.300000	0.848000	1.745336
2	0.000000	0.000000	10.000000	0.850000	1.784230
3	0.000000	0.000000	8.800000	0.854000	1.763818
4	0.000000	0.000000	9.200000	0.845000	1.761570
5	0.000000	0.000000	10.000000	0.859000	1.746111
6	0.000000	0.000000	11.100000	0.860000	1.760622
7	0.000000	0.000000	11.100000	0.845000	1.772661
8	0.100000	4.400000	5.400000	0.865000	1.704735
9	0.000000	0.000000	10.600000	0.850000	1.803288
10	0.000000	0.000000	11.000000	0.857000	1.742997
11	0.000000	0.000000	10.700000	0.856000	1.753634
12	0.000000	0.000000	12.300000	0.844000	1.795128
13	0.000000	0.000000	13.100000	0.851000	1.728726
14	0.000000	0.000000	12.600000	0.845000	1.778368
15	0.000000	0.000000	13.300000	0.847000	1.759212
16	0.000000	0.000000	12.300000	0.864000	1.728375
17	0.000000	0.000000	11.700000	0.856000	1.784790
18	0.000000	0.000000	11.700000	0.848000	1.750301
19	0.000000	0.000000	11.300000	0.861000	1.747926
20	0.000000	0.000000	10.100000	0.853000	1.822371
21	0.000000	0.000000	10.700000	0.845000	1.760737
22	0.000000	0.000000	9.000000	0.840000	1.788688
23	0.000000	0.000000	9.900000	0.862000	1.734310
24	0.000000	0.000000	11.200000	0.867000	1.686610
25	0.100000	4.600000	5.000000	0.861000	1.698310
26	0.100000	5.500000	3.700000	0.843000	1.727812
27	0.200000	10.600000	-1.800000	0.852000	1.710135
28	0.200000	10.300000	-1.900000	0.860000	1.697216
29	0.200000	11.000000	-2.800000	0.847000	1.705956
30	0.200000	11.900000	-2.300000	0.853000	1.686876
31	0.100000	7.300000	1.400000	0.851000	1.723806
32	0.100000	7.000000	2.800000	0.835000	1.778976
33	0.100000	6.600000	1.500000	0.843000	1.814144
34	0.000000	0.000000	7.900000	0.840000	1.813309
35	0.000000	0.000000	8.900000	0.848000	1.736407
36	0.000000	0.000000	9.500000	0.861000	1.730118
37	0.000000	0.000000	9.800000	0.865000	1.733751
38	0.000000	0.000000	9.100000	0.855000	1.765095
39	0.000000	0.000000	9.000000	0.861000	1.701852
40	0.000000	0.000000	9.800000	0.862000	1.758918
41	0.000000	0.000000	10.600000	0.848000	1.767945
42	0.000000	0.000000	8.200000	0.856000	1.788832
43	0.000000	0.000000	8.600000	0.871000	1.734000
44	0.000000	0.000000	8.200000	0.853000	1.759787
45	0.000000	0.000000	8.600000	0.849000	1.791400
46	0.000000	0.000000	9.600000	0.841000	1.763977
47	0.000000	0.000000	10.000000	0.846000	1.772858
48	0.000000	0.000000	9.400000	0.844000	1.774962
49	0.000000	0.000000	9.700000	0.847000	1.762116
50	0.000000	0.000000	9.000000	0.852000	1.726730
51	0.000000	0.000000	7.500000	0.858000	1.737785
52	0.000000	0.000000	9.100000	0.844000	1.791510
53	0.000000	0.000000	10.800000	0.852000	1.762783
54	0.000000	0.000000	9.600000	0.862000	1.783150
55	0.000000	0.000000	12.500000	0.859000	1.744485
56	0.000000	0.000000	12.200000	0.859000	1.783587
57	0.000000	0.000000	12.100000	0.865000	1.729995
58	0.000000	0.000000	11.500000	0.864000	1.730237
59	0.100000	4.200000	6.300000	0.871000	1.671299
60	0.100000	4.300000	6.700000	0.873000	1.711532
61	0.000000	0.000000	12.600000	0.867000	1.755034
62	0.000000	0.000000	10.300000	0.860000	1.741314
63	0.000000	0.000000	9.800000	0.840000	1.762549
64	0.000000	0.000000	8.700000	0.852000	1.763819
65	0.000000	0.000000	9.300000	0.854000	1.810967
66	0.000000	0.000000	12.000000	0.852000	1.773829
67	0.100000	4.000000	7.200000	0.848000	1.747621
68	0.000000	0.000000	10.000000	0.859000	1.744175
69	0.000000	0.000000	11.300000	0.840000	1.758912
70	0.000000	0.000000	10.400000	0.841000	1.798297
71	0.100000	5.600000	4.000000	0.862000	1.759463
72	0.100000	6.700000	3.900000	0.864000	1.712776
73	0.000000	0.000000	11.500000	0.864000	1.742417
74	0.200000	10.900000	2.000000	0.851000	1.763254
75	0.000000	0.000000	10.300000	0.859000	1.751530
76	0.100000	4.900000	3.900000	0.862000	1.767226
77	0.100000	4.500000	4.100000	0.852000	1.756213
78	0.000000	0.000000	10.500000	0.856000	1.797316
79	0.000000	0.000000	10.800000	0.845000	1.807814
80	0.000000	0.000000	13.300000	0.837000	1.829277
81	0.000000	0.000000	13.600000	0.842000	1.786214
82	0.000000	0.000000	10.200000	0.861000	1.752629
83	0.000000	0.000000	8.600000	0.849000	1.778049
84	0.000000	0.000000	8.500000	0.853000	1.778822
85	0.000000	0.000000	7.400000	0.850000	1.755164
86	0.000000	0.000000	8.800000	0.850000	1.783372
87	0.000000	0.000000	10.200000	0.849000	1.772998
88	0.000000	0.000000	8.900000	0.843000	1.767699
89	0.100000	4.400000	6.300000	0.846000	1.752931
90	0.000000	0.000000	12.100000	0.856000	1.787562
91	0.200000	9.000000	0.400000	0.868000	1.711360
92	0.200000	10.400000	0.700000	0.867000	1.734659
93	0.100000	4.400000	5.500000	0.847000	1.764751
94	0.100000	4.800000	5.400000	0.865000	1.756142
95	0.100000	5.500000	4.700000	0.845000	1.837030
96	0.100000	6.100000	5.000000	0.855000	1.804375
97	0.000000	0.000000	11.200000	0.861000	1.737777
98	0.000000	0.000000	9.600000	0.862000	1.757565
99	0.000000	0.000000	7.600000	0.852000	1.766174
100	0.000000	0.000000	9.900000	0.843000	1.820482
101	0.000000	0.000000	9.700000	0.850000	1.769482
102	0.000000	0.000000	8.700000	0.859000	1.747328
103	0.000000	0.000000	8.600000	0.855000	1.749544
104	0.000000	0.000000	7.300000	0.857000	1.795813
105	0.000000	0.000000	6.800000	0.840000	1.811942
106	0.000000	0.000000	6.800000	0.847000	1.840296
107	0.000000	0.000000	9.700000	0.879000	1.726195
108	0.000000	0.000000	10.100000	0.851000	1.811154
109	0.000000	0.000000	9.100000	0.848000	1.802209
110	0.000000	0.000000	9.400000	0.861000	1.744982
111	0.000000	0.000000	9.800000	0.854000	1.733037
112	0.000000	0.000000	10.500000	0.859000	1.733380
113	0.000000	0.000000	9.300000	0.858000	1.800050
114	0.000000	0.000000	9.800000	0.854000	1.797453
115	0.000000	0.000000	11.600000	0.848000	1.782145
116	0.000000	0.000000	10.200000	0.863000	1.744947
117	0.000000	0.000000	11.200000	0.859000	1.744997
118	0.000000	0.000000	10.600000	0.843000	1.784207
119	0.000000	0.000000	11.600000	0.839000	1.822080
120	0.000000	0.000000	10.800000	0.855000	1.787448
121	0.000000	0.000000	10.200000	0.849000	1.790120
122	0.000000	0.000000	9.900000	0.856000	1.742429
123	0.000000	0.000000	9.500000	0.854000	1.711468
124	0.000000	0.000000	9.400000	0.863000	1.717552
125	0.000000	0.000000	12.500000	0.859000	1.746594
126	0.000000	0.000000	11.400000	0.849000	1.789649
127	0.200000	8.800000	0.800000	0.857000	1.760227
128	0.200000	11.200000	-1.800000	0.838000	1.760725
129	0.200000	13.500000	-6.200000	0.861000	1.757302
130	0.100000	7.800000	2.000000	0.864000	1.744661
131	0.100000	8.200000	1.900000	0.857000	1.763257
132	0.100000	7.100000	3.400000	0.847000	1.785546
133	0.100000	7.800000	2.600000	0.850000	1.778957
134	0.000000	0.000000	9.100000	0.858000	1.763840
135	0.000000	0.000000	8.000000	0.851000	1.787951
136	0.000000	0.000000	8.100000	0.857000	1.789804
137	0.000000	0.000000	7.600000	0.860000	1.728416
138	0.100000	3.900000	3.800000	0.859000	1.769928
139	0.100000	4.300000	3.700000	0.856000	1.776437
140	0.100000	4.500000	4.200000	0.866000	1.730415
141	0.000000	0.000000	8.500000	0.855000	1.753591
142	0.000000	0.000000	9.100000	0.858000	1.758361
143	0.000000	0.000000	10.700000	0.851000	1.742760
144	0.000000	0.000000	9.600000	0.860000	1.756294
145	0.100000	4.500000	6.300000	0.859000	1.737164
146	0.000000	0.000000	10.000000	0.850000	1.736927
147	0.000000	0.000000	9.400000	0.853000	1.706589
148	0.000000	0.000000	10.300000	0.861000	1.739995
149	0.000000	0.000000	10.200000	0.844000	1.824619
150	0.000000	0.000000	12.100000	0.856000	1.757267
151	0.000000	0.000000	11.000000	0.855000	1.748134
152	0.000000	0.000000	11.200000	0.847000	1.760146
153	0.000000	0.000000	10.300000	0.858000	1.744410
154	0.000000	0.000000	10.000000	0.843000	1.764927
155	0.000000	0.000000	9.600000	0.851000	1.729170
156	0.000000	0.000000	9.200000	0.864000	1.680010
157	0.000000	0.000000	7.800000	0.849000	1.761045
158	0.000000	0.000000	6.100000	0.857000	1.776464
159	0.000000	0.000000	9.200000	0.861000	1.754137
160	0.000000	0.000000	8.200000	0.857000	1.731874
161	0.000000	0.000000	8.700000	0.850000	1.788017
162	0.000000	0.000000	8.200000	0.852000	1.756004
163	0.000000	0.000000	8.500000	0.852000	1.769808
164	0.000000	0.000000	8.200000	0.851000	1.772494
165	0.000000	0.000000	8.200000	0.854000	1.757776
166	0.100000	5.100000	4.600000	0.866000	1.710862
167	0.000000	0.000000	7.400000	0.853000	1.718455
168	0.000000	0.000000	10.700000	0.870000	1.698766
169	0.000000	0.000000	12.000000	0.844000	1.769150
170	0.000000	0.000000	11.500000	0.844000	1.729788
171	0.000000	0.000000	10.000000	0.845000	1.838029
172	0.000000	0.000000	9.600000	0.863000	1.760214
173	0.000000	0.000000	9.700000	0.861000	1.776328
174	0.100000	5.100000	3.600000	0.857000	1.758334
175	0.000000	0.000000	8.700000	0.859000	1.758074
176	0.000000	0.000000	8.900000	0.849000	1.781975
177	0.000000	0.000000	7.700000	0.850000	1.803897
178	0.000000	0.000000	8.700000	0.861000	1.738362
179	0.000000	0.000000	7.000000	0.850000	1.801227
180	0.000000	0.000000	8.500000	0.858000	1.767836
181	0.000000	0.000000	9.500000	0.873000	1.689395
182	0.000000	0.000000	11.200000	0.866000	1.698530
183	0.000000	0.000000	9.500000	0.868000	1.703598
184	0.000000	0.000000	8.900000	0.865000	1.674454
185	0.000000	0.000000	8.200000	0.848000	1.758006
186	0.000000	0.000000	8.500000	0.864000	1.730852
187	0.000000	0.000000	11.200000	0.868000	1.714500
188	0.000000	0.000000	9.600000	0.864000	1.735886
189	0.000000	0.000000	10.400000	0.865000	1.729686
190	0.000000	0.000000	9.500000	0.865000	1.720628
191	0.000000	0.000000	9.200000	0.860000	1.720492
192	0.000000	0.000000	9.500000	0.856000	1.746991
193	0.100000	4.300000	3.500000	0.840000	1.742973
194	0.000000	0.000000	10.000000	0.831000	1.782179
195	0.000000	0.000000	10.200000	0.855000	1.720047
196	0.000000	0.000000	8.900000	0.848000	1.767752
197	0.000000	0.000000	9.200000	0.830000	1.835591
198	0.000000	0.000000	10.700000	0.836000	1.828955
199	0.000000	0.000000	10.500000	0.833000	1.807907
200	0.000000	0.000000	10.100000	0.840000	1.818176
201	0.000000	0.000000	7.900000	0.836000	1.788920
202	0.000000	0.000000	7.800000	0.854000	1.801506
203	0.000000	0.000000	8.400000	0.852000	1.816549
204	0.000000	0.000000	9.200000	0.857000	1.815988
205	0.000000	0.000000	8.900000	0.850000	1.840414
206	0.000000	0.000000	7.700000	0.857000	1.804853
207	0.000000	0.000000	7.000000	0.866000	1.775641
208	0.000000	0.000000	8.300000	0.840000	1.811316
209	0.000000	0.000000	9.000000	0.846000	1.842845
210	0.000000	0.000000	9.300000	0.848000	1.866948
211	0.000000	0.000000	7.900000	0.850000	1.775518
212	0.000000	0.000000	7.700000	0.853000	1.809091
213	0.000000	0.000000	8.400000	0.848000	1.785620
214	0.000000	0.000000	10.500000	0.842000	1.775905
215	0.000000	0.000000	10.100000	0.862000	1.705252
216	0.000000	0.000000	8.900000	0.874000	1.698695
217	0.000000	0.000000	9.900000	0.874000	1.731438
218	0.000000	0.000000	9.500000	0.862000	1.733063
219	0.000000	0.000000	9.800000	0.861000	1.741072
220	0.000000	0.000000	11.000000	0.866000	1.729927
221	0.000000	0.000000	11.000000	0.853000	1.712483
222	0.000000	0.000000	11.100000	0.854000	1.682409
223	0.000000	0.000000	9.400000	0.860000	1.702681
224	0.000000	0.000000	8.600000	0.858000	1.760205
225	0.000000	0.000000	8.900000	0.852000	1.746009
226	0.000000	0.000000	10.600000	0.868000	1.725016
227	0.000000	0.000000	9.700000	0.858000	1.808338
228	0.000000	0.000000	8.200000	0.850000	1.816479
229	0.000000	0.000000	9.000000	0.847000	1.799965
230	0.000000	0.000000	10.500000	0.849000	1.778458
231	0.000000	0.000000	11.800000	0.861000	1.778227
232	0.000000	0.000000	11.700000	0.849000	1.744258
233	0.000000	0.000000	9.500000	0.850000	1.735015
234	0.000000	0.000000	11.000000	0.856000	1.735598
235	0.000000	0.000000	9.900000	0.855000	1.733348
236	0.000000	0.000000	9.800000	0.854000	1.690057
237	0.000000	0.000000	11.300000	0.861000	1.692427
238	0.100000	5.200000	5.400000	0.854000	1.706292
239	0.100000	6.800000	3.000000	0.856000	1.696852
240	0.100000	7.200000	1.100000	0.864000	1.712772
241	0.100000	9.100000	-0.500000	0.862000	1.723868
242	0.100000	8.700000	1.500000	0.869000	1.701557
243	0.100000	8.900000	1.300000	0.873000	1.671061
244	0.100000	9.300000	-1.900000	0.858000	1.737806
245	0.100000	9.100000	-0.600000	0.859000	1.726206
246	0.100000	9.300000	-0.500000	0.849000	1.776961
247	0.100000	7.200000	2.500000	0.828000	1.827956
248	0.000000	0.000000	7.900000	0.845000	1.817954
249	0.000000	0.000000	9.600000	0.844000	1.834157
250	0.000000	0.000000	9.600000	0.847000	1.771151
251	0.000000	0.000000	9.100000	0.843000	1.775988
252	0.000000	0.000000	9.300000	0.847000	1.746974
253	0.000000	0.000000	8.300000	0.838000	1.814746
254	0.000000	0.000000	9.200000	0.841000	1.762282
255	0.000000	0.000000	9.800000	0.847000	1.774084
256	0.100000	4.700000	4.200000	0.838000	1.781716
257	0.100000	5.900000	5.200000	0.852000	1.788307
258	0.100000	6.600000	1.800000	0.840000	1.784900
259	0.100000	7.400000	0.900000	0.855000	1.796029
260	0.100000	7.800000	1.300000	0.850000	1.768312
261	0.100000	7.100000	2.500000	0.850000	1.780647
262	0.100000	7.300000	2.700000	0.856000	1.791534
263	0.100000	7.200000	0.600000	0.850000	1.791801
264	0.100000	8.500000	2.200000	0.838000	1.829264
265	0.100000	7.400000	1.500000	0.832000	1.860753
266	0.000000	0.000000	8.100000	0.831000	1.796774
267	0.000000	0.000000	9.900000	0.851000	1.774863
268	0.000000	0.000000	10.100000	0.868000	1.748332
269	0.000000	0.000000	11.800000	0.854000	1.779253
270	0.100000	4.400000	5.400000	0.846000	1.786643
271	0.100000	5.200000	5.000000	0.827000	1.819501
272	0.000000	0.000000	10.000000	0.840000	1.789605
273	0.000000	0.000000	10.300000	0.840000	1.834145
274	0.000000	0.000000	11.300000	0.864000	1.768443
275	0.000000	0.000000	11.400000	0.853000	1.770633
276	0.000000	0.000000	10.100000	0.858000	1.820557
277	0.000000	0.000000	8.900000	0.855000	1.812686
278	0.000000	0.000000	10.900000	0.836000	1.855945
279	0.000000	0.000000	10.600000	0.854000	1.794617
280	0.000000	0.000000	10.600000	0.857000	1.821695
281	0.000000	0.000000	10.700000	0.870000	1.745790
282	0.000000	0.000000	10.400000	0.866000	1.744469
283	0.000000	0.000000	11.000000	0.859000	1.745535
284	0.000000	0.000000	11.500000	0.840000	1.750297
285	0.000000	0.000000	9.500000	0.848000	1.760999
286	0.000000	0.000000	9.600000	0.856000	1.731200
287	0.000000	0.000000	8.600000	0.859000	1.733073
288	0.000000	0.000000	9.900000	0.851000	1.721032
289	0.000000	0.000000	9.600000	0.855000	1.763785
290	0.000000	0.000000	10.700000	0.862000	1.749866
291	0.000000	0.000000	11.200000	0.877000	1.691302
292	0.000000	0.000000	10.500000	0.860000	1.767078
293	0.000000	0.000000	11.000000	0.855000	1.720013
294	0.000000	0.000000	10.700000	0.865000	1.755292
295	0.000000	0.000000	10.500000	0.863000	1.761996
296	0.000000	0.000000	10.400000	0.851000	1.778880
297	0.000000	0.000000	9.800000	0.860000	1.774422
298	0.100000	4.400000	3.700000	0.844000	1.828051
299	0.000000	0.000000	9.100000	0.852000	1.798886
300	0.000000	0.000000	9.600000	0.855000	1.790317
301	0.100000	5.300000	4.600000	0.848000	1.828049
302	0.000000	0.000000	8.900000	0.848000	1.795388
303	0.000000	0.000000	11.100000	0.858000	1.755259
304	0.000000	0.000000	10.900000	0.863000	1.751951
305	0.100000	3.300000	8.400000	0.859000	1.736674
306	0.100000	3.800000	6.000000	0.857000	1.752209
307	0.100000	4.100000	4.600000	0.844000	1.760551
308	0.100000	4.500000	3.800000	0.851000	1.809312
309	0.100000	5.400000	4.400000	0.850000	1.773008
310	0.000000	0.000000	9.500000	0.855000	1.755982
311	0.000000	0.000000	8.300000	0.854000	1.733599
312	0.000000	0.000000	10.600000	0.838000	1.793447
313	0.000000	0.000000	9.600000	0.850000	1.775129
314	0.000000	0.000000	8.100000	0.846000	1.769422
315	0.000000	0.000000	7.400000	0.855000	1.773366
316	0.000000	0.000000	9.500000	0.847000	1.756699
317	0.000000	0.000000	8.800000	0.848000	1.740933
318	0.000000	0.000000	9.400000	0.857000	1.775519
319	0.000000	0.000000	8.700000	0.849000	1.836854
320	0.000000	0.000000	10.600000	0.864000	1.763905
321	0.000000	0.000000	9.300000	0.852000	1.794606
322	0.000000	0.000000	8.600000	0.858000	1.777419
323	0.000000	0.000000	8.100000	0.863000	1.765098
324	0.000000	0.000000	9.500000	0.852000	1.763867
325	0.000000	0.000000	9.400000	0.847000	1.760464
326	0.000000	0.000000	9.200000	0.853000	1.769130
327	0.000000	0.000000	7.200000	0.837000	1.782483
328	0.000000	0.000000	8.400000	0.860000	1.731323
329	0.000000	0.000000	9.100000	0.844000	1.766258
330	0.000000	0.000000	8.100000	0.834000	1.781960
331	0.000000	0.000000	8.400000	0.858000	1.748057
332	0.000000	0.000000	9.900000	0.856000	1.752596
333	0.000000	0.000000	9.700000	0.864000	1.720340
334	0.000000	0.000000	8.400000	0.851000	1.759008
335	0.000000	0.000000	9.700000	0.864000	1.779295
336	0.000000	0.000000	8.700000	0.858000	1.752531
337	0.000000	0.000000	9.300000	0.850000	1.794370
338	0.000000	0.000000	7.600000	0.851000	1.749384
339	0.100000	4.900000	5.300000	0.865000	1.779710
340	0.100000	6.200000	4.700000	0.860000	1.747445
341	0.100000	7.000000	3.300000	0.843000	1.778091
342	0.000000	0.000000	11.700000	0.855000	1.816112
343	0.000000	0.000000	10.300000	0.844000	1.780365
344	0.000000	0.000000	11.400000	0.842000	1.742748
345	0.000000	0.000000	9.700000	0.862000	1.746304
346	0.000000	0.000000	8.600000	0.853000	1.781298
347	0.000000	0.000000	9.100000	0.853000	1.763806
348	0.000000	0.000000	10.100000	0.854000	1.795868
349	0.100000	3.500000	7.100000	0.840000	1.807757
350	0.000000	0.000000	7.400000	0.848000	1.792162
351	0.000000	0.000000	11.000000	0.850000	1.730202
352	0.000000	0.000000	10.600000	0.873000	1.737453
353	0.000000	0.000000	10.600000	0.871000	1.747392
354	0.100000	4.100000	6.000000	0.872000	1.728553
355	0.000000	0.000000	10.900000	0.859000	1.676049
356	0.000000	0.000000	9.700000	0.863000	1.681267
357	0.000000	0.000000	9.000000	0.869000	1.700786
358	0.000000	0.000000	9.200000	0.860000	1.747180
359	0.000000	0.000000	9.900000	0.842000	1.827650
360	0.000000	0.000000	7.500000	0.845000	1.776381
361	0.000000	0.000000	9.000000	0.844000	1.787544
362	0.000000	0.000000	8.000000	0.843000	1.766779
363	0.000000	0.000000	11.000000	0.843000	1.737997
364	0.000000	0.000000	9.300000	0.862000	1.719796
365	0.000000	0.000000	11.700000	0.845000	1.713572
366	0.000000	0.000000	10.600000	0.856000	1.732112
367	0.000000	0.000000	8.700000	0.850000	1.782537
368	0.000000	0.000000	10.000000	0.842000	1.827714
369	0.000000	0.000000	10.300000	0.847000	1.771335
370	0.000000	0.000000	9.100000	0.851000	1.775277
371	0.000000	0.000000	7.800000	0.856000	1.784091
372	0.000000	0.000000	9.600000	0.840000	1.852038
373	0.000000	0.000000	9.200000	0.836000	1.831084
374	0.000000	0.000000	9.900000	0.865000	1.781550
375	0.000000	0.000000	10.300000	0.849000	1.824224
376	0.000000	0.000000	11.300000	0.838000	1.834889
377	0.000000	0.000000	9.200000	0.850000	1.775411
378	0.000000	0.000000	10.000000	0.855000	1.734215
379	0.000000	0.000000	10.600000	0.866000	1.761830
380	0.000000	0.000000	8.900000	0.862000	1.786401
381	0.000000	0.000000	11.000000	0.877000	1.693174
382	0.000000	0.000000	10.900000	0.865000	1.721583
383	0.000000	0.000000	10.100000	0.853000	1.786472
384	0.000000	0.000000	10.900000	0.843000	1.791622
385	0.000000	0.000000	10.300000	0.857000	1.763473
386	0.000000	0.000000	11.400000	0.880000	1.704400
387	0.000000	0.000000	12.900000	0.868000	1.733010
388	0.100000	4.200000	9.500000	0.845000	1.742582
389	0.100000	5.400000	5.900000	0.848000	1.798302
390	0.100000	6.200000	6.900000	0.843000	1.848459
391	0.100000	7.600000	2.400000	0.856000	1.816855
392	0.000000	0.000000	10.100000	0.859000	1.826997
393	0.000000	0.000000	10.400000	0.870000	1.764046
394	0.000000	0.000000	9.000000	0.851000	1.765575
395	0.000000	0.000000	10.200000	0.853000	1.740299
396	0.000000	0.000000	10.700000	0.856000	1.756039
397	0.000000	0.000000	10.200000	0.845000	1.782783
398	0.000000	0.000000	11.600000	0.838000	1.779241
399	0.000000	0.000000	10.600000	0.837000	1.754591
400	0.000000	0.000000	10.100000	0.853000	1.797227
401	0.000000	0.000000	7.600000	0.847000	1.766896
402	0.000000	0.000000	9.500000	0.857000	1.755879
403	0.000000	0.000000	11.500000	0.861000	1.769814
404	0.000000	0.000000	9.900000	0.862000	1.777036
405	0.000000	0.000000	8.500000	0.859000	1.779726
406	0.000000	0.000000	8.800000	0.871000	1.774262
407	0.000000	0.000000	8.700000	0.841000	1.784538
408	0.000000	0.000000	8.600000	0.854000	1.745837
409	0.000000	0.000000	9.000000	0.846000	1.748837
410	0.000000	0.000000	9.300000	0.863000	1.787696
411	0.000000	0.000000	8.700000	0.852000	1.817714
412	0.100000	5.100000	3.400000	0.844000	1.800598
413	0.100000	6.200000	2.800000	0.849000	1.789031
414	0.000000	0.000000	8.900000	0.845000	1.859280
415	0.000000	0.000000	10.500000	0.850000	1.825613
416	0.100000	5.000000	3.600000	0.852000	1.785938
417	0.100000	5.100000	3.300000	0.852000	1.771294
418	0.100000	6.700000	0.800000	0.844000	1.783092
419	0.100000	7.300000	2.100000	0.857000	1.747074
420	0.000000	0.000000	9.500000	0.867000	1.737718
421	0.000000	0.000000	10.900000	0.860000	1.714808
422	0.000000	0.000000	9.600000	0.858000	1.738432
423	0.000000	0.000000	11.500000	0.859000	1.740538
424	0.000000	0.000000	10.700000	0.848000	1.797314
425	0.000000	0.000000	10.700000	0.843000	1.799628
426	0.000000	0.000000	10.000000	0.839000	1.783061
427	0.000000	0.000000	11.800000	0.858000	1.746528
428	0.000000	0.000000	12.800000	0.846000	1.713448
429	0.000000	0.000000	9.800000	0.851000	1.752906
430	0.000000	0.000000	9.600000	0.843000	1.790184
431	0.000000	0.000000	11.700000	0.842000	1.783352
432	0.100000	5.600000	4.100000	0.853000	1.751765
433	0.100000	6.100000	4.100000	0.854000	1.756639
434	0.000000	0.000000	9.700000	0.849000	1.805585
435	0.000000	0.000000	9.700000	0.862000	1.758507
436	0.000000	0.000000	10.500000	0.847000	1.799241
437	0.000000	0.000000	10.400000	0.853000	1.761885
438	0.000000	0.000000	11.000000	0.849000	1.793427
439	0.000000	0.000000	9.000000	0.846000	1.836721
440	0.000000	0.000000	10.300000	0.844000	1.814562
441	0.000000	0.000000	10.100000	0.854000	1.796552
442	0.000000	0.000000	8.700000	0.848000	1.775883
443	0.000000	0.000000	8.200000	0.860000	1.740818
444	0.000000	0.000000	8.800000	0.861000	1.764772
445	0.000000	0.000000	8.300000	0.853000	1.813486
446	0.000000	0.000000	11.000000	0.862000	1.756071
447	0.000000	0.000000	11.300000	0.871000	1.714474
448	0.000000	0.000000	12.300000	0.866000	1.718737
449	0.000000	0.000000	11.200000	0.852000	1.769408
450	0.100000	5.900000	4.400000	0.859000	1.758723
451	0.100000	4.700000	7.300000	0.872000	1.670771
452	0.000000	0.000000	10.500000	0.843000	1.741558
453	0.000000	0.000000	8.600000	0.835000	1.830423
454	0.000000	0.000000	10.200000	0.854000	1.797403
455	0.000000	0.000000	13.000000	0.858000	1.760820
456	0.000000	0.000000	10.300000	0.855000	1.792745
457	0.000000	0.000000	12.200000	0.833000	1.826985
458	0.000000	0.000000	11.500000	0.852000	1.789470
459	0.000000	0.000000	11.600000	0.845000	1.761276
460	0.000000	0.000000	10.000000	0.838000	1.823176
461	0.000000	0.000000	10.000000	0.846000	1.798348
462	0.000000	0.000000	10.100000	0.842000	1.799242
463	0.000000	0.000000	8.700000	0.863000	1.709516
464	0.000000	0.000000	10.100000	0.854000	1.735204
465	0.000000	0.000000	9.300000	0.838000	1.730362
466	0.000000	0.000000	8.200000	0.854000	1.712559
467	0.000000	0.000000	8.800000	0.846000	1.744769
468	0.000000	0.000000	7.900000	0.858000	1.738910
469	0.000000	0.000000	9.900000	0.836000	1.748203
470	0.000000	0.000000	9.400000	0.834000	1.767795
471	0.100000	3.700000	5.200000	0.852000	1.786148
472	0.100000	4.800000	4.700000	0.860000	1.807447
473	0.000000	0.000000	10.000000	0.848000	1.787577
474	0.000000	0.000000	9.500000	0.861000	1.772913
475	0.000000	0.000000	10.400000	0.863000	1.772253
476	0.100000	4.200000	7.400000	0.863000	1.770638
477	0.100000	4.800000	3.400000	0.857000	1.777288
478	0.100000	4.400000	6.300000	0.843000	1.756089
479	0.100000	5.100000	5.300000	0.858000	1.693229
480	0.100000	5.200000	5.300000	0.852000	1.718305
481	0.100000	5.100000	3.900000	0.849000	1.734908
482	0.100000	4.800000	4.600000	0.859000	1.714638
483	0.100000	6.200000	2.000000	0.858000	1.717781
484	0.100000	5.800000	2.700000	0.854000	1.731273
485	0.100000	6.100000	4.800000	0.838000	1.741248
486	0.100000	7.600000	3.900000	0.835000	1.822906
487	0.100000	6.900000	4.600000	0.849000	1.764890
488	0.100000	7.900000	1.700000	0.842000	1.837280
489	0.100000	7.900000	2.000000	0.857000	1.794754
490	0.100000	7.600000	1.300000	0.860000	1.824271
491	0.100000	7.900000	4.400000	0.849000	1.858557
492	0.100000	8.000000	3.200000	0.861000	1.760418
493	0.200000	12.900000	-3.400000	0.855000	1.830226
494	0.100000	6.100000	1.900000	0.854000	1.789646
495	0.100000	7.000000	0.800000	0.828000	1.843894
496	0.000000	0.000000	7.600000	0.849000	1.789083
497	0.000000	0.000000	7.700000	0.842000	1.800997
498	0.000000	0.000000	8.200000	0.847000	1.756148
499	0.000000	0.000000	9.400000	0.858000	1.782608
500	0.000000	0.000000	9.000000	0.855000	1.759552
501	0.000000	0.000000	8.900000	0.858000	1.755933
502	0.000000	0.000000	9.300000	0.859000	1.751819
503	0.000000	0.000000	9.100000	0.867000	1.734246
504	0.000000	0.000000	9.700000	0.854000	1.697588
505	0.000000	0.000000	11.000000	0.857000	1.725546
506	0.000000	0.000000	9.800000	0.840000	1.770422
507	0.000000	0.000000	11.900000	0.842000	1.756611
508	0.100000	6.600000	3.600000	0.832000	1.793710
509	0.000000	0.000000	10.000000	0.844000	1.772176
510	0.000000	0.000000	12.300000	0.842000	1.800137
511	0.000000	0.000000	11.700000	0.843000	1.742669
512	0.000000	0.000000	10.300000	0.845000	1.733427
513	0.000000	0.000000	11.000000	0.852000	1.716412
514	0.000000	0.000000	10.200000	0.861000	1.707182
515	0.000000	0.000000	10.100000	0.845000	1.763452
516	0.000000	0.000000	9.000000	0.850000	1.755057
517	0.100000	4.500000	6.200000	0.841000	1.733818
518	0.000000	0.000000	10.100000	0.851000	1.769767
519	0.000000	0.000000	10.300000	0.866000	1.729461
520	0.000000	0.000000	8.800000	0.865000	1.733944
521	0.000000	0.000000	8.900000	0.851000	1.759728
522	0.100000	4.700000	5.200000	0.842000	1.759804
523	0.000000	0.000000	10.000000	0.865000	1.729989
524	0.000000	0.000000	12.100000	0.860000	1.748838
525	0.000000	0.000000	12.100000	0.860000	1.761531
526	0.000000	0.000000	11.300000	0.847000	1.797059
527	0.000000	0.000000	10.400000	0.836000	1.827697
528	0.000000	0.000000	11.800000	0.834000	1.859236
529	0.000000	0.000000	9.000000	0.841000	1.822748
530	0.000000	0.000000	10.700000	0.850000	1.759882
531	0.000000	0.000000	9.400000	0.857000	1.770063
532	0.000000	0.000000	8.600000	0.871000	1.751266
533	0.100000	4.400000	3.900000	0.862000	1.767810
534	0.000000	0.000000	9.400000	0.855000	1.793164
535	0.000000	0.000000	7.900000	0.858000	1.811963
536	0.000000	0.000000	8.400000	0.859000	1.803588
537	0.000000	0.000000	9.600000	0.850000	1.775429
538	0.000000	0.000000	8.600000	0.857000	1.766307
539	0.000000	0.000000	10.100000	0.857000	1.745174
540	0.000000	0.000000	11.000000	0.864000	1.727551
541	0.000000	0.000000	11.700000	0.864000	1.712216
542	0.000000	0.000000	11.400000	0.867000	1.709069
543	0.000000	0.000000	9.400000	0.855000	1.747417
544	0.000000	0.000000	11.200000	0.880000	1.725538
545	0.000000	0.000000	11.100000	0.872000	1.718798
546	0.000000	0.000000	10.300000	0.857000	1.775159
547	0.000000	0.000000	8.900000	0.851000	1.784422
548	0.000000	0.000000	10.100000	0.849000	1.795131
549	0.000000	0.000000	11.200000	0.831000	1.852345
550	0.000000	0.000000	8.700000	0.849000	1.818686
551	0.000000	0.000000	10.100000	0.857000	1.788139
552	0.000000	0.000000	10.800000	0.851000	1.768455
553	0.100000	5.500000	5.600000	0.841000	1.785676
554	0.100000	7.400000	2.900000	0.847000	1.799444
555	0.100000	5.700000	3.300000	0.856000	1.726194
556	0.100000	5.800000	4.900000	0.838000	1.817850
557	0.100000	5.900000	5.700000	0.850000	1.732280
558	0.100000	6.100000	3.400000	0.851000	1.758381
559	0.000000	0.000000	10.200000	0.836000	1.782606
560	0.000000	0.000000	11.200000	0.854000	1.734794
561	0.000000	0.000000	10.200000	0.866000	1.696552
562	0.100000	3.900000	6.100000	0.864000	1.713482
563	0.100000	4.100000	4.200000	0.866000	1.702257
564	0.100000	4.900000	4.900000	0.853000	1.752103
565	0.100000	6.500000	4.300000	0.832000	1.821635
566	0.100000	6.400000	3.000000	0.847000	1.798484
567	0.100000	7.600000	3.600000	0.855000	1.804616
568	0.100000	7.600000	1.900000	0.842000	1.815843
569	0.100000	6.600000	3.300000	0.829000	1.780460
570	0.100000	6.500000	3.700000	0.848000	1.780082
571	0.100000	6.000000	3.400000	0.850000	1.803338
572	0.000000	0.000000	8.200000	0.845000	1.804567
573	0.000000	0.000000	8.700000	0.853000	1.802613
574	0.000000	0.000000	10.000000	0.851000	1.763345
575	0.000000	0.000000	9.500000	0.841000	1.781516
576	0.000000	0.000000	9.900000	0.847000	1.818046
577	0.000000	0.000000	8.500000	0.858000	1.776459
578	0.000000	0.000000	7.500000	0.861000	1.820661
579	0.000000	0.000000	8.300000	0.839000	1.850982
580	0.000000	0.000000	9.400000	0.839000	1.817608
581	0.000000	0.000000	9.000000	0.846000	1.787994
582	0.000000	0.000000	9.600000	0.865000	1.741789
583	0.000000	0.000000	9.900000	0.859000	1.736633
584	0.000000	0.000000	10.300000	0.854000	1.750281
585	0.000000	0.000000	8.400000	0.867000	1.759571
586	0.000000	0.000000	8.400000	0.856000	1.731400
587	0.100000	5.600000	4.000000	0.864000	1.801115
588	0.100000	6.100000	3.400000	0.849000	1.820837
589	0.000000	0.000000	9.000000	0.845000	1.801416
590	0.000000	0.000000	9.600000	0.858000	1.750035
591	0.100000	3.100000	9.100000	0.863000	1.733902
592	0.100000	3.200000	8.500000	0.859000	1.763823
593	0.000000	0.000000	10.200000	0.850000	1.743547
594	0.000000	0.000000	11.100000	0.861000	1.693796
595	0.100000	4.500000	5.900000	0.855000	1.744027
596	0.000000	0.000000	12.200000	0.866000	1.698160
597	0.100000	3.800000	7.500000	0.880000	1.733467
598	0.100000	4.500000	7.500000	0.859000	1.774363
599	0.100000	7.800000	3.700000	0.843000	1.790452
600	0.100000	8.000000	2.800000	0.832000	1.835956
601	0.000000	0.000000	9.700000	0.836000	1.834843
602	0.000000	0.000000	12.700000	0.847000	1.819282
603	0.000000	0.000000	10.700000	0.856000	1.781924
604	0.000000	0.000000	9.800000	0.846000	1.806148
605	0.000000	0.000000	11.100000	0.860000	1.756693
606	0.000000	0.000000	10.800000	0.864000	1.726700
607	0.000000	0.000000	10.600000	0.868000	1.743707
608	0.000000	0.000000	11.300000	0.846000	1.777700
609	0.000000	0.000000	13.600000	0.842000	1.770113
610	0.000000	0.000000	12.500000	0.839000	1.774158
611	0.000000	0.000000	10.600000	0.847000	1.736366
612	0.000000	0.000000	9.100000	0.857000	1.699002
613	0.100000	5.100000	3.800000	0.855000	1.718528
614	0.000000	0.000000	9.300000	0.859000	1.714957
615	0.000000	0.000000	9.400000	0.866000	1.772215
616	0.000000	0.000000	9.800000	0.863000	1.736362
617	0.000000	0.000000	11.300000	0.864000	1.733241
618	0.100000	4.500000	6.100000	0.850000	1.748501
619	0.200000	10.900000	-1.500000	0.852000	1.813433
620	0.000000	0.000000	9.900000	0.851000	1.812468
621	0.000000	0.000000	7.500000	0.856000	1.825493
622	0.000000	0.000000	7.600000	0.860000	1.810165
623	0.000000	0.000000	9.000000	0.845000	1.793511
624	0.000000	0.000000	9.400000	0.853000	1.778960
625	0.000000	0.000000	10.400000	0.848000	1.745402
626	0.000000	0.000000	10.500000	0.859000	1.754518
627	0.000000	0.000000	9.900000	0.857000	1.793833
628	0.000000	0.000000	7.400000	0.860000	1.797450
629	0.100000	4.700000	5.500000	0.863000	1.714158
630	0.100000	5.000000	5.400000	0.856000	1.769902
631	0.100000	5.100000	5.400000	0.856000	1.747244
632	0.000000	0.000000	10.300000	0.864000	1.760700
633	0.000000	0.000000	8.700000	0.860000	1.799296
634	0.000000	0.000000	9.200000	0.861000	1.774428
635	0.000000	0.000000	10.300000	0.845000	1.769983
636	0.200000	10.200000	-1.400000	0.841000	1.796708
637	0.100000	4.300000	5.200000	0.842000	1.750293
638	0.100000	4.100000	7.300000	0.861000	1.726543
639	0.100000	4.800000	6.700000	0.858000	1.742364
640	0.000000	0.000000	10.500000	0.855000	1.738356
641	0.100000	5.400000	4.700000	0.861000	1.773381
642	0.100000	5.500000	4.500000	0.864000	1.771833
643	0.000000	0.000000	11.400000	0.858000	1.805628
644	0.000000	0.000000	9.200000	0.859000	1.789522
645	0.000000	0.000000	9.800000	0.859000	1.777364
646	0.000000	0.000000	9.300000	0.861000	1.766315
647	0.000000	0.000000	9.000000	0.848000	1.809971
648	0.000000	0.000000	10.000000	0.858000	1.761274
649	0.000000	0.000000	10.100000	0.858000	1.724587
650	0.000000	0.000000	12.200000	0.863000	1.723999
651	0.000000	0.000000	12.000000	0.854000	1.739194
652	0.000000	0.000000	13.700000	0.847000	1.783385
653	0.000000	0.000000	11.400000	0.851000	1.805131
654	0.000000	0.000000	10.800000	0.856000	1.782867
655	0.000000	0.000000	9.500000	0.879000	1.764283
656	0.100000	4.600000	6.200000	0.862000	1.762787
657	0.000000	0.000000	11.300000	0.873000	1.707200
658	0.000000	0.000000	11.100000	0.867000	1.709539
659	0.000000	0.000000	10.200000	0.848000	1.757228
660	0.000000	0.000000	9.000000	0.860000	1.744568
661	0.000000	0.000000	8.100000	0.866000	1.745666
662	0.000000	0.000000	10.500000	0.857000	1.726459
663	0.000000	0.000000	9.000000	0.859000	1.732055
664	0.000000	0.000000	9.800000	0.846000	1.763286
665	0.000000	0.000000	11.200000	0.857000	1.756880
666	0.000000	0.000000	10.700000	0.850000	1.739431
667	0.000000	0.000000	11.600000	0.841000	1.771895
668	0.000000	0.000000	9.700000	0.853000	1.784549
669	0.000000	0.000000	9.000000	0.840000	1.800196
670	0.000000	0.000000	10.800000	0.854000	1.788034
671	0.000000	0.000000	10.900000	0.845000	1.782495
672	0.000000	0.000000	9.800000	0.861000	1.780219
673	0.000000	0.000000	9.300000	0.842000	1.804967
674	0.000000	0.000000	9.800000	0.854000	1.824010
675	0.000000	0.000000	5.700000	0.858000	1.788890
676	0.000000	0.000000	6.900000	0.859000	1.747913
677	0.000000	0.000000	6.800000	0.857000	1.807826
678	0.000000	0.000000	7.600000	0.853000	1.776137
679	0.000000	0.000000	8.300000	0.840000	1.767357
680	0.000000	0.000000	8.500000	0.846000	1.791286
681	0.000000	0.000000	10.400000	0.846000	1.753491
682	0.000000	0.000000	8.800000	0.856000	1.758034
683	0.000000	0.000000	10.000000	0.858000	1.711404
684	0.000000	0.000000	11.700000	0.854000	1.698529
685	0.000000	0.000000	10.900000	0.855000	1.711685
686	0.000000	0.000000	11.500000	0.858000	1.694091
687	0.000000	0.000000	11.800000	0.855000	1.723596
688	0.000000	0.000000	11.500000	0.842000	1.723631
689	0.000000	0.000000	9.200000	0.852000	1.751459
690	0.000000	0.000000	9.800000	0.856000	1.786110
691	0.000000	0.000000	9.300000	0.856000	1.753409
692	0.000000	0.000000	8.800000	0.856000	1.741154
693	0.000000	0.000000	10.000000	0.864000	1.703199
694	0.000000	0.000000	8.800000	0.860000	1.761259
695	0.100000	3.600000	7.400000	0.843000	1.771080
696	0.000000	0.000000	10.000000	0.852000	1.792758
697	0.000000	0.000000	10.600000	0.860000	1.771509
698	0.100000	3.900000	6.100000	0.861000	1.791074
699	0.100000	4.200000	6.900000	0.853000	1.730549
700	0.100000	7.100000	2.600000	0.862000	1.742368
701	0.100000	7.200000	3.000000	0.849000	1.779966
702	0.100000	6.800000	1.900000	0.860000	1.763700
703	0.000000	0.000000	9.800000	0.851000	1.803567
704	0.000000	0.000000	9.800000	0.840000	1.805357
705	0.000000	0.000000	13.900000	0.863000	1.736038
706	0.000000	0.000000	10.300000	0.846000	1.719114
707	0.000000	0.000000	9.600000	0.865000	1.695399
708	0.000000	0.000000	10.500000	0.855000	1.765994
709	0.000000	0.000000	7.100000	0.845000	1.807803
710	0.000000	0.000000	8.400000	0.848000	1.775672
711	0.100000	3.800000	5.500000	0.863000	1.722678
712	0.100000	4.700000	4.800000	0.849000	1.778663
713	0.100000	5.400000	4.900000	0.845000	1.819703
714	0.100000	7.500000	2.000000	0.835000	1.847265
715	0.100000	7.500000	2.500000	0.836000	1.872069
716	0.100000	7.800000	0.400000	0.845000	1.842777
717	0.000000	0.000000	8.400000	0.834000	1.876526
718	0.000000	0.000000	8.900000	0.846000	1.810630
719	0.000000	0.000000	9.400000	0.860000	1.773940
720	0.000000	0.000000	9.600000	0.855000	1.829576
721	0.000000	0.000000	10.600000	0.853000	1.805275
722	0.000000	0.000000	11.700000	0.848000	1.790481
723	0.000000	0.000000	10.800000	0.857000	1.724161
724	0.000000	0.000000	10.400000	0.857000	1.714368
725	0.000000	0.000000	9.600000	0.848000	1.698369
726	0.000000	0.000000	8.500000	0.839000	1.721079
727	0.000000	0.000000	8.600000	0.849000	1.756936
728	0.000000	0.000000	8.000000	0.832000	1.797506
729	0.000000	0.000000	10.800000	0.849000	1.771046
730	0.000000	0.000000	7.900000	0.866000	1.746557
731	0.000000	0.000000	7.700000	0.856000	1.753550
732	0.000000	0.000000	8.800000	0.850000	1.776679
733	0.000000	0.000000	8.400000	0.860000	1.772846
734	0.000000	0.000000	9.100000	0.855000	1.753241
735	0.000000	0.000000	9.100000	0.852000	1.778088
736	0.000000	0.000000	8.300000	0.832000	1.849167
737	0.000000	0.000000	9.100000	0.848000	1.819397
738	0.000000	0.000000	9.500000	0.858000	1.797770
739	0.000000	0.000000	8.700000	0.854000	1.834489
740	0.000000	0.000000	11.200000	0.863000	1.798514
741	0.000000	0.000000	10.600000	0.869000	1.784057
742	0.000000	0.000000	9.100000	0.849000	1.813737
743	0.000000	0.000000	8.200000	0.840000	1.840415
744	0.000000	0.000000	12.100000	0.862000	1.792592
745	0.000000	0.000000	10.100000	0.852000	1.783033
746	0.000000	0.000000	11.100000	0.847000	1.792931
747	0.000000	0.000000	10.300000	0.864000	1.748420
748	0.000000	0.000000	10.900000	0.844000	1.769589
749	0.000000	0.000000	10.500000	0.855000	1.775872
750	0.000000	0.000000	9.500000	0.855000	1.758240
751	0.000000	0.000000	9.800000	0.856000	1.780300
752	0.000000	0.000000	10.700000	0.858000	1.743834
753	0.000000	0.000000	11.000000	0.867000	1.803130
754	0.000000	0.000000	9.100000	0.858000	1.751287
755	0.000000	0.000000	10.400000	0.854000	1.745741
756	0.000000	0.000000	9.100000	0.865000	1.705735
757	0.000000	0.000000	7.300000	0.854000	1.749657
758	0.000000	0.000000	9.400000	0.852000	1.742598
759	0.000000	0.000000	9.300000	0.842000	1.755748
760	0.000000	0.000000	9.200000	0.851000	1.735407
761	0.000000	0.000000	10.000000	0.866000	1.743677
762	0.000000	0.000000	9.600000	0.864000	1.772169
763	0.000000	0.000000	10.800000	0.867000	1.728438
764	0.000000	0.000000	9.400000	0.875000	1.703657
765	0.000000	0.000000	12.500000	0.867000	1.753888
766	0.000000	0.000000	8.500000	0.855000	1.817397
767	0.000000	0.000000	7.100000	0.858000	1.771018
768	0.000000	0.000000	7.500000	0.851000	1.781223
769	0.100000	4.600000	3.300000	0.862000	1.754727
770	0.000000	0.000000	8.400000	0.858000	1.720011
771	0.000000	0.000000	9.400000	0.866000	1.705980
772	0.000000	0.000000	6.600000	0.856000	1.752040
773	0.000000	0.000000	8.400000	0.860000	1.778524
774	0.000000	0.000000	8.300000	0.849000	1.792336
775	0.000000	0.000000	10.500000	0.854000	1.757516
776	0.000000	0.000000	10.400000	0.859000	1.759092
777	0.000000	0.000000	11.700000	0.855000	1.734353
778	0.000000	0.000000	11.200000	0.856000	1.727436
779	0.000000	0.000000	12.000000	0.860000	1.722537
780	0.000000	0.000000	11.900000	0.856000	1.716006
781	0.000000	0.000000	11.300000	0.852000	1.723368
782	0.000000	0.000000	9.600000	0.854000	1.745382
783	0.000000	0.000000	10.300000	0.855000	1.775874
784	0.000000	0.000000	8.700000	0.845000	1.808516
785	0.000000	0.000000	7.200000	0.856000	1.814150
786	0.000000	0.000000	7.800000	0.848000	1.793849
787	0.000000	0.000000	8.600000	0.847000	1.733993
788	0.000000	0.000000	7.600000	0.841000	1.733409
789	0.000000	0.000000	10.500000	0.864000	1.698636
790	0.000000	0.000000	11.300000	0.856000	1.751254
791	0.000000	0.000000	11.900000	0.850000	1.787586
792	0.000000	0.000000	11.400000	0.861000	1.745844
793	0.000000	0.000000	13.000000	0.852000	1.789592
794	0.000000	0.000000	11.500000	0.871000	1.749207
795	0.000000	0.000000	11.200000	0.859000	1.769740
796	0.000000	0.000000	9.900000	0.847000	1.782475
797	0.000000	0.000000	10.100000	0.856000	1.822783
798	0.000000	0.000000	9.200000	0.852000	1.818958
799	0.000000	0.000000	9.100000	0.862000	1.844360
800	0.000000	0.000000	9.400000	0.844000	1.834352
801	0.000000	0.000000	10.700000	0.855000	1.790010
802	0.000000	0.000000	9.600000	0.854000	1.790898
803	0.000000	0.000000	11.800000	0.859000	1.741335
804	0.000000	0.000000	11.300000	0.851000	1.746800
805	0.000000	0.000000	9.900000	0.856000	1.734262
806	0.000000	0.000000	9.600000	0.858000	1.778814
807	0.000000	0.000000	9.700000	0.855000	1.743600
808	0.000000	0.000000	10.000000	0.837000	1.753606
809	0.000000	0.000000	9.200000	0.858000	1.747070
810	0.000000	0.000000	5.300000	0.847000	1.745519
811	0.000000	0.000000	8.300000	0.839000	1.761228
812	0.000000	0.000000	9.100000	0.857000	1.752068
813	0.000000	0.000000	8.100000	0.849000	1.814772
814	0.000000	0.000000	7.500000	0.841000	1.787120
815	0.000000	0.000000	8.300000	0.852000	1.765520
816	0.000000	0.000000	10.300000	0.847000	1.787404
817	0.000000	0.000000	9.000000	0.855000	1.755147
818	0.000000	0.000000	9.600000	0.855000	1.735945
819	0.000000	0.000000	12.000000	0.843000	1.726016
820	0.000000	0.000000	9.900000	0.852000	1.753278
821	0.000000	0.000000	11.500000	0.844000	1.770497
822	0.000000	0.000000	11.500000	0.852000	1.766914
823	0.000000	0.000000	10.500000	0.853000	1.732240
824	0.000000	0.000000	11.700000	0.858000	1.767957
825	0.000000	0.000000	9.600000	0.854000	1.768091
826	0.000000	0.000000	7.300000	0.857000	1.769561
827	0.000000	0.000000	9.100000	0.852000	1.706801
828	0.000000	0.000000	10.100000	0.853000	1.785587
829	0.000000	0.000000	10.100000	0.852000	1.787642
830	0.000000	0.000000	9.900000	0.854000	1.746315
831	0.000000	0.000000	9.500000	0.854000	1.766956
832	0.000000	0.000000	9.700000	0.868000	1.776631
833	0.000000	0.000000	10.100000	0.869000	1.718794
834	0.000000	0.000000	9.700000	0.849000	1.781364
835	0.000000	0.000000	8.700000	0.842000	1.759252
836	0.000000	0.000000	10.000000	0.846000	1.761752
837	0.000000	0.000000	9.600000	0.844000	1.718030
838	0.000000	0.000000	8.900000	0.859000	1.719564
839	0.000000	0.000000	10.000000	0.853000	1.766029
840	0.000000	0.000000	10.300000	0.851000	1.749480
841	0.000000	0.000000	11.200000	0.853000	1.701081
842	0.000000	0.000000	11.000000	0.843000	1.751237
843	0.000000	0.000000	10.000000	0.847000	1.718789
844	0.000000	0.000000	10.400000	0.848000	1.740403
845	0.000000	0.000000	9.300000	0.851000	1.756366
846	0.000000	0.000000	9.400000	0.862000	1.731275
847	0.000000	0.000000	8.700000	0.853000	1.806190
848	0.000000	0.000000	8.100000	0.861000	1.752602
849	0.000000	0.000000	8.500000	0.853000	1.755253
850	0.000000	0.000000	9.700000	0.855000	1.732295
851	0.000000	0.000000	8.000000	0.860000	1.743044
852	0.000000	0.000000	8.700000	0.862000	1.773577
853	0.000000	0.000000	8.100000	0.864000	1.784157
854	0.000000	0.000000	5.700000	0.874000	1.771853
855	0.000000	0.000000	8.100000	0.864000	1.792997
856	0.000000	0.000000	9.400000	0.862000	1.763342
857	0.000000	0.000000	9.400000	0.857000	1.787083
858	0.000000	0.000000	9.200000	0.856000	1.813435
859	0.000000	0.000000	8.900000	0.857000	1.799311
860	0.000000	0.000000	8.700000	0.860000	1.755775
861	0.000000	0.000000	8.800000	0.844000	1.772859
862	0.000000	0.000000	8.400000	0.858000	1.742606
863	0.000000	0.000000	8.700000	0.876000	1.715736
864	0.000000	0.000000	9.500000	0.852000	1.763964
865	0.100000	3.500000	8.500000	0.845000	1.769960
866	0.000000	0.000000	11.200000	0.852000	1.783294
867	0.000000	0.000000	10.400000	0.853000	1.741930
868	0.000000	0.000000	10.100000	0.858000	1.746989
869	0.000000	0.000000	9.200000	0.841000	1.780416
870	0.000000	0.000000	10.400000	0.855000	1.771346
871	0.000000	0.000000	11.100000	0.860000	1.756969
872	0.000000	0.000000	11.100000	0.862000	1.743279
873	0.000000	0.000000	10.300000	0.847000	1.767886
874	0.000000	0.000000	10.700000	0.857000	1.770556
875	0.100000	6.200000	4.300000	0.860000	1.767134
876	0.000000	0.000000	11.100000	0.854000	1.838302
877	0.000000	0.000000	11.500000	0.848000	1.812963
878	0.000000	0.000000	11.600000	0.871000	1.788448
879	0.000000	0.000000	10.000000	0.861000	1.780477
880	0.000000	0.000000	9.800000	0.858000	1.781238
881	0.000000	0.000000	8.400000	0.855000	1.746156
882	0.000000	0.000000	10.600000	0.843000	1.781373
883	0.000000	0.000000	10.200000	0.848000	1.778491
884	0.000000	0.000000	10.400000	0.846000	1.819421
885	0.000000	0.000000	8.500000	0.859000	1.769148
886	0.000000	0.000000	7.600000	0.856000	1.756003
887	0.000000	0.000000	9.000000	0.849000	1.779670
888	0.000000	0.000000	9.200000	0.845000	1.801650
889	0.000000	0.000000	8.700000	0.865000	1.776290
890	0.000000	0.000000	9.300000	0.864000	1.736130
891	0.000000	0.000000	11.300000	0.847000	1.810121
892	0.000000	0.000000	10.500000	0.847000	1.786582
893	0.000000	0.000000	10.400000	0.862000	1.747610
894	0.000000	0.000000	10.000000	0.850000	1.768341
895	0.000000	0.000000	9.000000	0.844000	1.770406
896	0.000000	0.000000	7.400000	0.842000	1.766592
897	0.000000	0.000000	7.200000	0.854000	1.765222
898	0.000000	0.000000	7.800000	0.855000	1.757160
899	0.000000	0.000000	10.000000	0.858000	1.734837
900	0.000000	0.000000	12.300000	0.856000	1.751316
901	0.000000	0.000000	12.600000	0.859000	1.739124
902	0.000000	0.000000	11.100000	0.871000	1.705804
903	0.000000	0.000000	11.400000	0.854000	1.776556
904	0.000000	0.000000	10.300000	0.845000	1.806909
905	0.000000	0.000000	9.600000	0.836000	1.824888
906	0.000000	0.000000	10.500000	0.851000	1.781559
907	0.000000	0.000000	11.500000	0.853000	1.774859
908	0.000000	0.000000	11.600000	0.843000	1.789069
909	0.000000	0.000000	10.300000	0.833000	1.839618
910	0.000000	0.000000	10.700000	0.859000	1.795305
911	0.000000	0.000000	9.600000	0.855000	1.805271
912	0.000000	0.000000	7.800000	0.855000	1.735835
913	0.000000	0.000000	7.400000	0.860000	1.776594
914	0.000000	0.000000	7.400000	0.866000	1.758317
915	0.000000	0.000000	8.000000	0.843000	1.811249
916	0.000000	0.000000	7.100000	0.839000	1.826145
917	0.000000	0.000000	9.700000	0.863000	1.765749
918	0.000000	0.000000	8.500000	0.849000	1.738410
919	0.000000	0.000000	9.200000	0.850000	1.738299
920	0.000000	0.000000	8.400000	0.841000	1.777292
921	0.000000	0.000000	6.800000	0.858000	1.784940
922	0.000000	0.000000	8.200000	0.862000	1.818983
923	0.000000	0.000000	8.300000	0.858000	1.797580
924	0.000000	0.000000	8.400000	0.852000	1.806411
925	0.000000	0.000000	10.500000	0.839000	1.830929
926	0.000000	0.000000	10.300000	0.846000	1.828439
927	0.000000	0.000000	9.700000	0.854000	1.771143
928	0.000000	0.000000	11.000000	0.848000	1.794560
929	0.000000	0.000000	11.700000	0.861000	1.766548
930	0.000000	0.000000	9.900000	0.840000	1.794466
931	0.000000	0.000000	11.000000	0.842000	1.817890
932	0.000000	0.000000	10.400000	0.858000	1.820969
933	0.000000	0.000000	8.900000	0.851000	1.787746
934	0.000000	0.000000	7.700000	0.860000	1.773938
935	0.000000	0.000000	11.800000	0.856000	1.755209
936	0.000000	0.000000	12.900000	0.850000	1.776247
937	0.000000	0.000000	10.700000	0.859000	1.743148
938	0.000000	0.000000	9.400000	0.858000	1.758826
939	0.000000	0.000000	9.600000	0.844000	1.748809
940	0.000000	0.000000	9.800000	0.846000	1.765082
941	0.000000	0.000000	10.900000	0.840000	1.750752
942	0.000000	0.000000	10.700000	0.847000	1.759852
943	0.000000	0.000000	10.100000	0.850000	1.747094
944	0.000000	0.000000	9.700000	0.841000	1.756371
945	0.000000	0.000000	10.200000	0.858000	1.703214
946	0.000000	0.000000	11.000000	0.856000	1.772259
947	0.000000	0.000000	8.200000	0.835000	1.807235
948	0.000000	0.000000	9.200000	0.843000	1.783043
949	0.000000	0.000000	8.700000	0.857000	1.747119
950	0.000000	0.000000	7.500000	0.847000	1.742676
951	0.000000	0.000000	7.700000	0.852000	1.781162
952	0.000000	0.000000	7.900000	0.848000	1.774913
953	0.000000	0.000000	8.200000	0.851000	1.799164
954	0.000000	0.000000	7.100000	0.838000	1.805456
955	0.000000	0.000000	8.000000	0.846000	1.760203
956	0.000000	0.000000	9.800000	0.849000	1.752877
957	0.000000	0.000000	9.100000	0.858000	1.723435
958	0.000000	0.000000	10.700000	0.860000	1.722902
959	0.000000	0.000000	10.700000	0.845000	1.742816
960	0.000000	0.000000	8.900000	0.843000	1.762871
961	0.000000	0.000000	8.000000	0.849000	1.783372
962	0.000000	0.000000	10.100000	0.859000	1.800384
963	0.100000	4.900000	5.900000	0.858000	1.761877
964	0.100000	5.600000	5.500000	0.851000	1.775574
965	0.100000	5.500000	2.700000	0.854000	1.738875
966	0.000000	0.000000	9.900000	0.871000	1.716814
967	0.000000	0.000000	10.400000	0.856000	1.766382
968	0.000000	0.000000	10.100000	0.859000	1.785044
969	0.000000	0.000000	8.000000	0.868000	1.719611
970	0.000000	0.000000	10.300000	0.865000	1.733427
971	0.000000	0.000000	9.900000	0.854000	1.766981
972	0.000000	0.000000	10.600000	0.857000	1.788910
973	0.000000	0.000000	9.900000	0.865000	1.732908
974	0.000000	0.000000	8.500000	0.865000	1.744486
975	0.000000	0.000000	8.800000	0.857000	1.722434
976	0.000000	0.000000	11.100000	0.854000	1.712723
977	0.000000	0.000000	11.500000	0.860000	1.763690
978	0.000000	0.000000	10.400000	0.866000	1.739420
979	0.000000	0.000000	10.000000	0.854000	1.756578
980	0.100000	5.800000	3.500000	0.853000	1.820399
981	0.100000	6.500000	3.300000	0.860000	1.793530
982	0.000000	0.000000	11.300000	0.862000	1.808212
983	0.000000	0.000000	10.900000	0.848000	1.823674
984	0.000000	0.000000	11.100000	0.846000	1.824046
985	0.000000	0.000000	10.300000	0.842000	1.833035
986	0.000000	0.000000	10.600000	0.840000	1.833357
987	0.000000	0.000000	12.100000	0.861000	1.759929
988	0.000000	0.000000	11.400000	0.859000	1.776750
989	0.000000	0.000000	12.100000	0.863000	1.730062
990	0.000000	0.000000	10.100000	0.854000	1.750907
991	0.000000	0.000000	11.900000	0.854000	1.740150
992	0.000000	0.000000	9.000000	0.847000	1.727110
993	0.000000	0.000000	10.500000	0.852000	1.740532
994	0.000000	0.000000	10.200000	0.856000	1.796754
995	0.100000	4.100000	6.400000	0.848000	1.769912
996	0.000000	0.000000	8.000000	0.837000	1.796412
997	0.000000	0.000000	8.700000	0.848000	1.791981
998	0.100000	4.800000	5.800000	0.853000	1.778433
999	0.100000	5.400000	6.400000	0.865000	1.797358
